0.05 0.0 
0.15000000000000002 0.0 
0.25 0.0 
0.35000000000000003 0.0 
0.45 0.0 
0.55 0.0 
0.65 0.0 
0.75 0.0 
0.8500000000000001 0.0 
0.9500000000000001 0.0 
1.05 0.0 
1.1500000000000001 0.0 
1.25 0.0 
1.35 0.0 
1.4500000000000002 0.0 
1.55 0.0 
1.6500000000000001 0.0 
1.75 0.0 
1.85 0.0 
1.9500000000000002 0.0 
2.0500000000000003 0.0 
2.15 0.0 
2.25 0.0 
2.35 0.0027609664283956776 
2.45 0.0025473303092504247 
2.5500000000000003 0.06579496334146034 
2.6500000000000004 0.39379362876528423 
2.75 0.8527613504156305 
2.85 1.3262102863421612 
2.95 1.8348850209613954 
3.0500000000000003 2.5279694319618358 
3.1500000000000004 3.0999490557208196 
3.25 3.0510144453035832 
3.35 2.7791841140596243 
3.45 2.5573673463946 
3.5500000000000003 2.334049163746543 
3.6500000000000004 2.2480822279229247 
3.75 1.9321056316667053 
3.85 1.7320244014377295 
3.95 1.7050681177353593 
4.05 1.7001849893328052 
4.15 1.6086184626664228 
4.25 1.4779966964902613 
4.3500000000000005 1.2622092656944524 
4.45 1.0441053550612762 
4.55 0.8127167165580897 
4.65 0.6911603408668665 
4.75 0.6156928214562735 
4.8500000000000005 0.6340506851972967 
4.95 0.6280320766431599 
5.050000000000001 0.5974069109514726 
5.15 0.6556877901552821 
5.25 0.6342536778658613 
5.3500000000000005 0.6577437572520878 
5.45 0.6878620198306485 
5.550000000000001 0.7804075099639327 
5.65 0.9104655668465346 
5.75 1.0246881121665803 
5.8500000000000005 1.1525066107119022 
5.95 1.2465492601990917 
6.050000000000001 1.3618874867244612 
6.15 1.3599639773381194 
6.25 1.4122531857751754 
6.3500000000000005 1.4431730368017939 
6.45 1.4002635350615218 
6.550000000000001 1.3332187961925932 
6.65 1.274747312627691 
6.75 1.292260891245117 
6.8500000000000005 1.3385545331960806 
6.95 1.268361382808987 
7.050000000000001 1.1711254559965287 
7.15 1.014247317315527 
7.25 0.8806239586657123 
7.3500000000000005 0.8350535887475139 
7.45 0.8270666134499267 
7.550000000000001 0.8884209707470769 
7.65 0.8896453184385584 
7.75 0.8508050776956187 
7.8500000000000005 0.899238160502828 
7.95 0.9030814287196794 
8.05 0.9321848268517727 
8.15 0.9439590728828336 
8.25 0.9652302645601905 
8.35 0.9455606698998091 
8.450000000000001 0.9877057025029848 
8.55 0.9981682948915702 
8.65 0.9877105518715416 
8.75 1.0228941675378076 
8.85 1.038604978479354 
8.950000000000001 1.0810979816943656 
9.05 1.0993699188114412 
9.15 1.1391415151184507 
9.25 1.0995045714630898 
9.35 1.0671642148350617 
9.450000000000001 1.0436879410067663 
9.55 1.0003267436067496 
9.65 0.9836402245617318 
9.75 0.9937783248203153 
9.850000000000001 1.0100767215210926 
9.950000000000001 1.0358737843299428 
10.05 0.995238369466018 
