0.05 0.0 
0.15000000000000002 0.0 
0.25 0.0 
0.35000000000000003 0.0 
0.45 0.0 
0.55 0.0 
0.65 0.0 
0.75 0.0 
0.8500000000000001 0.0 
0.9500000000000001 0.0 
1.05 0.0 
1.1500000000000001 0.0 
1.25 0.0 
1.35 0.0 
1.4500000000000002 0.0 
1.55 0.0 
1.6500000000000001 0.0 
1.75 0.0 
1.85 0.0 
1.9500000000000002 0.0 
2.0500000000000003 0.0 
2.15 0.0 
2.25 0.0 
2.35 0.0 
2.45 0.2708684752371169 
2.5500000000000003 0.4500776130311055 
2.6500000000000004 0.6945905893242245 
2.75 1.3329976060787565 
2.85 2.241995152935138 
2.95 3.2509819057432545 
3.0500000000000003 3.740469455931148 
3.1500000000000004 4.031145263013224 
3.25 4.1871530988121455 
3.35 4.2596742627621635 
3.45 4.835992155175717 
3.5500000000000003 4.154524937753492 
3.6500000000000004 3.392991905048011 
3.75 2.7981952591679446 
3.85 3.2032283377422504 
3.95 2.4178063820823565 
4.05 2.18092882053344 
4.15 1.6616761332835361 
4.25 1.548393971418197 
4.3500000000000005 1.649888176663613 
4.45 1.5929947826459738 
4.55 1.2724058617313083 
4.65 0.8121795187516772 
4.75 0.7062748432914855 
4.8500000000000005 0.5806726145355249 
4.95 0.5309036853783677 
5.050000000000001 0.5483431532554719 
5.15 0.5640409626616619 
5.25 0.5309598639640126 
5.3500000000000005 0.8748859331654277 
5.45 1.0073109504879008 
5.550000000000001 1.1191519777863228 
5.65 1.3753285314143555 
5.75 1.652507970874967 
5.8500000000000005 1.4539519033215802 
5.95 1.377932748052109 
6.050000000000001 1.2616782732736687 
6.15 1.3413611232699323 
6.25 1.3737115870609748 
6.3500000000000005 1.2178714178591248 
6.45 1.3914666141265044 
6.550000000000001 1.546393617838826 
6.65 1.5737770786920633 
6.75 1.4918038173315997 
6.8500000000000005 1.427773382451119 
6.95 1.4071814491136265 
7.050000000000001 1.1189006127992767 
7.15 1.3995371618758672 
7.25 1.0642078674760855 
7.3500000000000005 0.987286929350722 
7.45 0.9023656847146168 
7.550000000000001 0.8615046220596357 
7.65 0.9113720603740497 
7.75 0.7851262330406431 
7.8500000000000005 0.6702540567486354 
7.95 0.7924313599590252 
8.05 0.8180336628366216 
8.15 0.9057992966515673 
8.25 0.9795386199120394 
8.35 1.2080990399257092 
8.450000000000001 1.3846372593830636 
8.55 1.2946033473666962 
8.65 1.2735367603982757 
8.75 1.2106119144245164 
8.85 1.100362112899881 
8.950000000000001 1.1449313215461498 
9.05 0.9649073469390561 
9.15 0.9866613645827083 
9.25 0.7982014571617935 
9.35 0.7923793677594567 
9.450000000000001 0.877668051662075 
9.55 0.9984544036590293 
9.65 1.1245487195937933 
9.75 1.0742306175198508 
9.850000000000001 0.9419135521797174 
9.950000000000001 0.886941271024902 
10.05 1.023934862881434 
