0.05 0.0 
0.15000000000000002 0.0 
0.25 0.0 
0.35000000000000003 0.0 
0.45 0.0 
0.55 0.0 
0.65 0.0 
0.75 0.0 
0.8500000000000001 0.0 
0.9500000000000001 0.0 
1.05 0.0 
1.1500000000000001 0.0 
1.25 0.0 
1.35 0.0 
1.4500000000000002 0.0 
1.55 0.0 
1.6500000000000001 0.0 
1.75 0.0 
1.85 0.0 
1.9500000000000002 0.0 
2.0500000000000003 0.0 
2.15 0.0 
2.25 0.0 
2.35 0.004077539256104982 
2.45 0.030012137911675497 
2.5500000000000003 0.10081430761489153 
2.6500000000000004 0.2779125869823041 
2.75 0.6832249380691783 
2.85 1.1930815167076234 
2.95 1.7228326066563173 
3.0500000000000003 2.07893839757122 
3.1500000000000004 2.1886131462915333 
3.25 2.1237637543261356 
3.35 2.040790837740176 
3.45 1.83486043975886 
3.5500000000000003 1.5340028846263298 
3.6500000000000004 1.2396181806525781 
3.75 1.020474241108839 
3.85 0.9360791476187239 
3.95 0.8780588655517242 
4.05 0.841795269623729 
4.15 0.8166825451851272 
4.25 0.8161087262211716 
4.3500000000000005 0.8807111300071889 
4.45 1.0465351597614472 
4.55 1.1514025786902786 
4.65 1.0058980576829726 
4.75 0.7808866173569643 
4.8500000000000005 0.6047675795785965 
4.95 0.5226753378590808 
5.050000000000001 0.5249449110269954 
5.15 0.5397600526926764 
5.25 0.6025553898344246 
5.3500000000000005 0.6558639295878693 
5.45 0.7537531559156998 
5.550000000000001 0.8875250613807188 
5.65 0.9946632214161993 
5.75 1.1324001285265013 
5.8500000000000005 1.2501280490061544 
5.95 1.2870601293557493 
6.050000000000001 1.353361144073666 
6.15 1.3861232616537342 
6.25 1.3800466812479688 
6.3500000000000005 1.3373581962078398 
6.45 1.2977758854967796 
6.550000000000001 1.25308636165376 
6.65 1.1819586396437247 
6.75 1.1110045069595114 
6.8500000000000005 1.052565619547741 
6.95 1.0200077049746425 
7.050000000000001 0.9810062849605838 
7.15 0.9216967418436259 
7.25 0.8590746088825351 
7.3500000000000005 0.817329511584652 
7.45 0.7896742392323095 
7.550000000000001 0.7850494603599867 
7.65 0.7704321956955431 
7.75 0.7745096876478083 
7.8500000000000005 0.7674507832090366 
7.95 0.7893233248614856 
8.05 0.8340521266084691 
8.15 0.8808446297874095 
8.25 0.9478951142247073 
8.35 1.0019892365984209 
8.450000000000001 1.0476650082263945 
8.55 1.082761081248416 
8.65 1.1215153014427588 
8.75 1.138255238677089 
8.85 1.1805385563413375 
8.950000000000001 1.1893875966962306 
9.05 1.1956040094398757 
9.15 1.1547887429055543 
9.25 1.147474007756455 
9.35 1.1185380142746009 
9.450000000000001 1.0957473012587045 
9.55 1.0486103496673373 
9.65 1.020057341311645 
9.75 0.9797874979857805 
9.850000000000001 0.9530565121420436 
9.950000000000001 0.935108164417775 
10.05 0.915997171861635 
