0.05 0.0 
0.15000000000000002 0.0 
0.25 0.0 
0.35000000000000003 0.0 
0.45 0.0 
0.55 0.0 
0.65 0.0 
0.75 0.0 
0.8500000000000001 0.0 
0.9500000000000001 0.0 
1.05 0.0 
1.1500000000000001 0.0 
1.25 0.0 
1.35 0.0 
1.4500000000000002 0.0 
1.55 0.0 
1.6500000000000001 0.0 
1.75 0.0 
1.85 0.0 
1.9500000000000002 0.0 
2.0500000000000003 0.0 
2.15 0.0 
2.25 0.0 
2.35 0.0 
2.45 0.009673893675804807 
2.5500000000000003 0.049003727687418695 
2.6500000000000004 0.22300247985502278 
2.75 0.5717648319707714 
2.85 1.0931155417926943 
2.95 1.7903081411596826 
3.0500000000000003 2.55819182095819 
3.1500000000000004 2.793067274717437 
3.25 2.5190055737330486 
3.35 2.381513867856896 
3.45 2.2062504311763034 
3.5500000000000003 2.15536783734135 
3.6500000000000004 2.0062532287338546 
3.75 1.6238231199963349 
3.85 1.4780797723077725 
3.95 1.4729785627555385 
4.05 1.356818004318396 
4.15 1.2487235098353866 
4.25 1.0444270239417002 
4.3500000000000005 0.9723709884748221 
4.45 0.8368394755317174 
4.55 0.7217941603677474 
4.65 0.7085586876682096 
4.75 0.6135346029318378 
4.8500000000000005 0.5365571703656514 
4.95 0.5246079665893666 
5.050000000000001 0.49946916178727274 
5.15 0.5023082855243292 
5.25 0.5569019600453441 
5.3500000000000005 0.7056711093656477 
5.45 0.7933528446853574 
5.550000000000001 0.8987647713204627 
5.65 0.8999898483343841 
5.75 0.9487692737444706 
5.8500000000000005 1.0710340444816149 
5.95 1.1688128338055574 
6.050000000000001 1.2422916657453775 
6.15 1.2606355336865342 
6.25 1.23168515698209 
6.3500000000000005 1.333721711613761 
6.45 1.2751419251689526 
6.550000000000001 1.239778024026109 
6.65 1.2002036832762604 
6.75 1.2183519851832623 
6.8500000000000005 1.1200662106830432 
6.95 1.0502691294012751 
7.050000000000001 0.9991211194100291 
7.15 0.9331500694351724 
7.25 0.8518800986260903 
7.3500000000000005 0.8149163080966283 
7.45 0.8000205539821458 
7.550000000000001 0.7936008332138854 
7.65 0.8493688101242494 
7.75 0.848017611573301 
7.8500000000000005 0.8509881236664234 
7.95 0.8990891815693033 
8.05 0.9126816967595747 
8.15 0.8742143723090781 
8.25 0.9341132428462222 
8.35 0.9443635399013073 
8.450000000000001 0.9494627419736521 
8.55 1.0539556117348423 
8.65 1.0309018143096962 
8.75 1.0915559672333635 
8.85 1.0082051005026123 
8.950000000000001 1.042370331841151 
9.05 1.0463179589346838 
9.15 1.009391915532121 
9.25 0.9764222943179314 
9.35 0.9473776743745187 
9.450000000000001 0.9651887953529734 
9.55 0.9943153735268098 
9.65 0.9741735033413466 
9.75 0.9768395037541784 
9.850000000000001 0.9284683430334111 
9.950000000000001 0.9163375174610245 
10.05 0.9179830047074446 
