0.05 0.0 
0.15000000000000002 0.0 
0.25 0.0 
0.35000000000000003 0.0 
0.45 0.0 
0.55 0.0 
0.65 0.0 
0.75 0.0 
0.8500000000000001 0.0 
0.9500000000000001 0.0 
1.05 0.0 
1.1500000000000001 0.0 
1.25 0.0 
1.35 0.0 
1.4500000000000002 0.0 
1.55 0.0 
1.6500000000000001 0.0 
1.75 0.0 
1.85 0.0 
1.9500000000000002 0.0 
2.0500000000000003 0.0 
2.15 0.0 
2.25 0.0 
2.35 0.0 
2.45 0.0005080369723150174 
2.5500000000000003 0.0023390904591417913 
2.6500000000000004 0.03512017238590609 
2.75 0.2125604818864332 
2.85 0.5697704908401944 
2.95 1.1083279711505587 
3.0500000000000003 1.7032406495446064 
3.1500000000000004 2.0316599925898373 
3.25 2.2080192775510334 
3.35 2.266787766664762 
3.45 2.2071099626737927 
3.5500000000000003 2.055024132477693 
3.6500000000000004 1.7880955816001873 
3.75 1.4870616296510686 
3.85 1.2934883219117916 
3.95 1.170522037898434 
4.05 1.0868583921219614 
4.15 0.9795909841516502 
4.25 0.9768715891767842 
4.3500000000000005 0.9175144415702468 
4.45 0.8453747683392655 
4.55 0.7288945136745077 
4.65 0.6248076755329052 
4.75 0.5634266179848906 
4.8500000000000005 0.5295614060640074 
4.95 0.5332220167451363 
5.050000000000001 0.566755123301959 
5.15 0.5841098611423686 
5.25 0.5963167631642106 
5.3500000000000005 0.6377225829399904 
5.45 0.7274333702871109 
5.550000000000001 0.8120820283079216 
5.65 0.905775094971803 
5.75 1.015964183214275 
5.8500000000000005 1.1259273835494243 
5.95 1.1729731210754848 
6.050000000000001 1.2097380412623764 
6.15 1.2899273752615525 
6.25 1.3797044144644182 
6.3500000000000005 1.3991867275483652 
6.45 1.3467718727407902 
6.550000000000001 1.3181041955978559 
6.65 1.255473426615521 
6.75 1.1814725791345673 
6.8500000000000005 1.1356814649254818 
6.95 1.0987380056483569 
7.050000000000001 1.0216106326338168 
7.15 0.94965459337277 
7.25 0.8957548600326389 
7.3500000000000005 0.8496763790893118 
7.45 0.8186853243401134 
7.550000000000001 0.7950513544091183 
7.65 0.7865925199592428 
7.75 0.7926249212761622 
7.8500000000000005 0.8244853734944412 
7.95 0.8378566803398346 
8.05 0.8886250267357352 
8.15 0.9470761585491868 
8.25 1.001389757840427 
8.35 1.046018938802025 
8.450000000000001 1.092117357815764 
8.55 1.1026772552691302 
8.65 1.0971053861753808 
8.75 1.0667088321336704 
8.85 1.0817448181790774 
8.950000000000001 1.1061662523054445 
9.05 1.112974517364572 
9.15 1.1293535745576058 
9.25 1.0809596822288516 
9.35 1.0595327449657015 
9.450000000000001 1.0342504747049062 
9.55 1.005458877211896 
9.65 0.9973629300555565 
9.75 0.9750543576735022 
9.850000000000001 0.9626861400529833 
9.950000000000001 0.9751532450017925 
10.05 0.9558995695913814 
