0.05 0.0 
0.15000000000000002 0.0 
0.25 0.0 
0.35000000000000003 0.0 
0.45 0.0 
0.55 0.0 
0.65 0.0 
0.75 0.0 
0.8500000000000001 0.0 
0.9500000000000001 0.0 
1.05 0.0 
1.1500000000000001 0.0 
1.25 0.0 
1.35 0.0 
1.4500000000000002 0.0 
1.55 0.0 
1.6500000000000001 0.0 
1.75 0.0 
1.85 0.0 
1.9500000000000002 0.0 
2.0500000000000003 0.0 
2.15 0.0 
2.25 0.0 
2.35 0.0 
2.45 0.0 
2.5500000000000003 0.014278841574313519 
2.6500000000000004 0.08413778287975116 
2.75 0.2890831827026238 
2.85 0.6193673244766456 
2.95 1.097986788057581 
3.0500000000000003 1.5053729531010307 
3.1500000000000004 1.7175723639200389 
3.25 2.0066980693003362 
3.35 1.8744008861252868 
3.45 2.0020669079230164 
3.5500000000000003 1.8801534440513652 
3.6500000000000004 1.694278555355437 
3.75 1.4100387591217178 
3.85 1.1532287409440158 
3.95 1.0587897878615184 
4.05 0.9628928941713564 
4.15 0.9822381881981315 
4.25 0.9557223023199195 
4.3500000000000005 0.8449259325884976 
4.45 0.8210210455772887 
4.55 0.8044945666099893 
4.65 0.7374721416650999 
4.75 0.6771916899204794 
4.8500000000000005 0.6154624569827232 
4.95 0.5887802034198063 
5.050000000000001 0.5905194510769889 
5.15 0.603457284634191 
5.25 0.6324477084974301 
5.3500000000000005 0.6877722395755155 
5.45 0.7454686876059918 
5.550000000000001 0.8325807369439887 
5.65 1.0019652903701015 
5.75 1.1017180610037713 
5.8500000000000005 1.1507093590858672 
5.95 1.233725595278881 
6.050000000000001 1.3111311537846024 
6.15 1.381328546850069 
6.25 1.4129016141719593 
6.3500000000000005 1.4125069351739616 
6.45 1.3495690936135003 
6.550000000000001 1.2783746079270673 
6.65 1.2472800050819661 
6.75 1.162055486434722 
6.8500000000000005 1.1334125003542845 
6.95 1.0566407261236876 
7.050000000000001 0.990871218707404 
7.15 0.9351121575201015 
7.25 0.8738404253362063 
7.3500000000000005 0.7778750097846354 
7.45 0.7387293294428723 
7.550000000000001 0.7617930606114586 
7.65 0.7688373253259191 
7.75 0.7853862098359886 
7.8500000000000005 0.8182455137089153 
7.95 0.8337197418984114 
8.05 0.8888210476269305 
8.15 0.9310704702689547 
8.25 0.9892549577889098 
8.35 1.0086843840920472 
8.450000000000001 1.057306857197979 
8.55 1.0636675416064967 
8.65 1.1155979575516106 
8.75 1.1583848475220286 
8.85 1.1517555462559457 
8.950000000000001 1.1605181007307999 
9.05 1.1309934937666073 
9.15 1.1170956382288986 
9.25 1.1198103336368355 
9.35 1.0917367359773493 
9.450000000000001 1.045499337365773 
9.55 1.020571840954913 
9.65 0.9734220756752441 
9.75 0.9462752429059775 
9.850000000000001 0.9360340630581274 
9.950000000000001 0.9257555520903801 
10.05 0.9056691911183832 
