0.05 0.0 
0.15000000000000002 0.0 
0.25 0.0 
0.35000000000000003 0.0 
0.45 0.0 
0.55 0.0 
0.65 0.0 
0.75 0.0 
0.8500000000000001 0.0 
0.9500000000000001 0.0 
1.05 0.0 
1.1500000000000001 0.0 
1.25 0.0 
1.35 0.0 
1.4500000000000002 0.0 
1.55 0.0 
1.6500000000000001 0.0 
1.75 0.0 
1.85 0.0 
1.9500000000000002 0.0 
2.0500000000000003 0.0 
2.15 0.0 
2.25 0.0 
2.35 0.0 
2.45 0.012418075445035042 
2.5500000000000003 0.03848403134641146 
2.6500000000000004 0.13571519234846258 
2.75 0.3006307153959885 
2.85 0.6679725658057848 
2.95 1.1172075772419943 
3.0500000000000003 1.5871939678445282 
3.1500000000000004 1.7949702652939108 
3.25 1.9024779319736194 
3.35 1.8755285051091817 
3.45 1.780016631488295 
3.5500000000000003 1.6507325121003007 
3.6500000000000004 1.4803922434430452 
3.75 1.2658050453588638 
3.85 1.171449686647386 
3.95 1.0616988358686605 
4.05 1.022579683441238 
4.15 0.9581270157220079 
4.25 0.9070856915880025 
4.3500000000000005 0.8596710296274744 
4.45 0.7878581631058843 
4.55 0.7677552190971845 
4.65 0.7166202270545355 
4.75 0.6539612011882315 
4.8500000000000005 0.6345165460419463 
4.95 0.6267420076942827 
5.050000000000001 0.6401679386949788 
5.15 0.6573085602226938 
5.25 0.7159659923150055 
5.3500000000000005 0.8014458841437796 
5.45 0.8836338526805442 
5.550000000000001 0.9417987286411197 
5.65 1.0251868802116588 
5.75 1.133821635898039 
5.8500000000000005 1.2414947124675335 
5.95 1.3326260060652224 
6.050000000000001 1.3898992372289707 
6.15 1.3984255552465445 
6.25 1.402972616489836 
6.3500000000000005 1.3564922012511442 
6.45 1.3363883584455303 
6.550000000000001 1.2746710562601316 
6.65 1.2077253302037065 
6.75 1.162389511489764 
6.8500000000000005 1.074000768666585 
6.95 0.9900709344958893 
7.050000000000001 0.9432205080083604 
7.15 0.8649418166642947 
7.25 0.7927206367088935 
7.3500000000000005 0.7426136964874613 
7.45 0.7145610150923265 
7.550000000000001 0.7282664356355817 
7.65 0.7488407977431148 
7.75 0.7734369975290225 
7.8500000000000005 0.8246287153270526 
7.95 0.850099771011049 
8.05 0.8849052014377424 
8.15 0.9002804236648998 
8.25 0.9665250158828995 
8.35 1.0070560576688679 
8.450000000000001 1.0488396277325027 
8.55 1.0904439232505994 
8.65 1.1077931891685384 
8.75 1.1306763002630642 
8.85 1.129948301690686 
8.950000000000001 1.138542968436469 
9.05 1.1460938473784008 
9.15 1.1419776783302742 
9.25 1.1257593948012798 
9.35 1.0997370273827811 
9.450000000000001 1.0480832963292108 
9.55 1.028292532314142 
9.65 1.005719012625407 
9.75 0.9679981965404947 
9.850000000000001 0.9496507882866154 
9.950000000000001 0.9229670201601676 
10.05 0.8985754215353698 
