0.05 0.0 
0.15000000000000002 0.0 
0.25 0.0 
0.35000000000000003 0.0 
0.45 0.0 
0.55 0.0 
0.65 0.0 
0.75 0.0 
0.8500000000000001 0.0 
0.9500000000000001 0.0 
1.05 0.0 
1.1500000000000001 0.0 
1.25 0.0 
1.35 0.0 
1.4500000000000002 0.0 
1.55 0.0 
1.6500000000000001 0.0 
1.75 0.0 
1.85 0.0 
1.9500000000000002 0.0 
2.0500000000000003 0.0 
2.15 0.0 
2.25 0.0 
2.35 0.0 
2.45 0.010160263137465547 
2.5500000000000003 0.052412645747419724 
2.6500000000000004 0.21098678927573783 
2.75 0.4677482445188968 
2.85 0.9032490851125247 
2.95 1.3913508335366709 
3.0500000000000003 1.7860133125355668 
3.1500000000000004 1.9484941046867372 
3.25 1.985326883732361 
3.35 1.909817414381414 
3.45 1.7199335347446514 
3.5500000000000003 1.523344120843994 
3.6500000000000004 1.3521529509632104 
3.75 1.2003830368118669 
3.85 1.1027735300279338 
3.95 1.0306304232026744 
4.05 0.9440561334741114 
4.15 0.8893187327297277 
4.25 0.8239281554125124 
4.3500000000000005 0.8393833976325283 
4.45 0.9010080144686652 
4.55 0.9036062887452074 
4.65 0.8274946935684948 
4.75 0.7345023596581994 
4.8500000000000005 0.6224668455105767 
4.95 0.5974251310757868 
5.050000000000001 0.5898972989846998 
5.15 0.6344439083648061 
5.25 0.6706448742453 
5.3500000000000005 0.7553659632216114 
5.45 0.8284013239335826 
5.550000000000001 0.9208896395030431 
5.65 1.049191061644146 
5.75 1.1763353254931879 
5.8500000000000005 1.27852136507868 
5.95 1.364414053944614 
6.050000000000001 1.4041790406370005 
6.15 1.4039460125584748 
6.25 1.3783012024821186 
6.3500000000000005 1.3669986859560253 
6.45 1.3065709466399194 
6.550000000000001 1.2377107765131665 
6.65 1.1875423077564966 
6.75 1.1360015698638053 
6.8500000000000005 1.084266069608583 
6.95 1.0058243119790449 
7.050000000000001 0.931220841488609 
7.15 0.8540518164753191 
7.25 0.8119514101244603 
7.3500000000000005 0.7934617189001294 
7.45 0.7388183255694483 
7.550000000000001 0.7286924561781112 
7.65 0.7160199063943362 
7.75 0.7322488173458522 
7.8500000000000005 0.7606405563456607 
7.95 0.8195688914613524 
8.05 0.8545899491061411 
8.15 0.9140701296046989 
8.25 0.9609440963459048 
8.35 1.0102125833434292 
8.450000000000001 1.041466967353609 
8.55 1.0694698423435989 
8.65 1.1541692184561336 
8.75 1.183612174668682 
8.85 1.1775838299889405 
8.950000000000001 1.1906539509283776 
9.05 1.175920513808908 
9.15 1.1605575434783826 
9.25 1.1296457363700185 
9.35 1.1136967736378012 
9.450000000000001 1.0858318971630316 
9.55 1.0428329453505842 
9.65 0.9937836275642709 
9.75 0.9617649932228549 
9.850000000000001 0.9268042720001478 
9.950000000000001 0.9088486646506496 
10.05 0.9067311515004164 
