0.05 0.0 
0.15000000000000002 0.0 
0.25 0.0 
0.35000000000000003 0.0 
0.45 0.0 
0.55 0.0 
0.65 0.0 
0.75 0.0 
0.8500000000000001 0.0 
0.9500000000000001 0.0 
1.05 0.0 
1.1500000000000001 0.0 
1.25 0.0 
1.35 0.0 
1.4500000000000002 0.0 
1.55 0.0 
1.6500000000000001 0.0 
1.75 0.0 
1.85 0.0 
1.9500000000000002 0.0 
2.0500000000000003 0.00020113844236242887 
2.15 0.5614128485664122 
2.25 4.565781043770774 
2.35 5.367000444848456 
2.45 3.019215429427452 
2.5500000000000003 1.5488404217196992 
2.6500000000000004 0.8584996973349417 
2.75 0.5690696243813529 
2.85 0.4326764863475444 
2.95 0.37912629004512016 
3.0500000000000003 0.38450715194415996 
3.1500000000000004 0.4002652358695795 
3.25 0.45926469959244864 
3.35 0.5055631757086331 
3.45 0.578307297701181 
3.5500000000000003 0.6447830168817389 
3.6500000000000004 0.7305844894880401 
3.75 0.8379765113471033 
3.85 0.9293228124282089 
3.95 1.0059337538168325 
4.05 1.0609748508202999 
4.15 1.1386988785797143 
4.25 1.2310980552979858 
4.3500000000000005 1.3305355034657136 
4.45 1.34691610580673 
4.55 1.3106104639113658 
4.65 1.3510251446214252 
4.75 1.4570446924179055 
4.8500000000000005 1.510790104686743 
4.95 1.3375811633173667 
5.050000000000001 1.0746524059522375 
5.15 0.8944162564454333 
5.25 0.8122719408354395 
5.3500000000000005 0.7826910585909101 
5.45 0.7672693628999078 
5.550000000000001 0.7629487311558459 
5.65 0.7677970526309983 
5.75 0.7610825358787584 
5.8500000000000005 0.7775255154720303 
5.95 0.8024001613852779 
6.050000000000001 0.8431078761162836 
6.15 0.9067613199889251 
6.25 0.9340839580783019 
6.3500000000000005 0.9780508098716426 
6.45 1.0034101779759932 
6.550000000000001 1.0314049410159076 
6.65 1.0683365347352134 
6.75 1.1109296008200296 
6.8500000000000005 1.1398607175748625 
6.95 1.173684884127934 
7.050000000000001 1.1784381487448605 
7.15 1.1636904106290293 
7.25 1.129847633361596 
7.3500000000000005 1.110414954702747 
7.45 1.0673107264893187 
7.550000000000001 1.0206157389618404 
7.65 0.9727533275111899 
7.75 0.9323230303817954 
7.8500000000000005 0.9173989255342472 
7.95 0.8953386976886559 
8.05 0.911095629840995 
8.15 0.9125696309353163 
8.25 0.9255314581639272 
8.35 0.9413145077811462 
8.450000000000001 0.9577880384743137 
8.55 0.9719558231111105 
8.65 0.9884726321187003 
8.75 1.0083396866971932 
8.85 1.0212277897107858 
8.950000000000001 1.0378904756312486 
9.05 1.038961854123831 
9.15 1.0394609996508075 
9.25 1.0408286306482923 
9.35 1.0513917967425201 
9.450000000000001 1.0518281206629345 
9.55 1.0512507591840738 
9.65 1.0401437646295453 
9.75 1.0380532130053488 
9.850000000000001 1.0211797588382832 
9.950000000000001 1.006208455238848 
10.05 0.9874380700902485 
