0.05 0.0 
0.15000000000000002 0.0 
0.25 0.0 
0.35000000000000003 0.0 
0.45 0.0 
0.55 0.0 
0.65 0.0 
0.75 0.0 
0.8500000000000001 0.0 
0.9500000000000001 0.0 
1.05 0.0 
1.1500000000000001 0.0 
1.25 0.0 
1.35 0.0 
1.4500000000000002 0.0 
1.55 0.0 
1.6500000000000001 0.0 
1.75 0.0 
1.85 0.0 
1.9500000000000002 0.0 
2.0500000000000003 0.001802864655703997 
2.15 0.5123613547532415 
2.25 4.746144415899799 
2.35 5.838234647360604 
2.45 3.127118173750593 
2.5500000000000003 1.4015216737817624 
2.6500000000000004 0.7560395418878401 
2.75 0.4999559319114933 
2.85 0.39089695715708916 
2.95 0.3639211484815376 
3.0500000000000003 0.3583786797428449 
3.1500000000000004 0.3938987785028145 
3.25 0.4189210538493073 
3.35 0.4849805975883312 
3.45 0.5394842907113085 
3.5500000000000003 0.6180891889507928 
3.6500000000000004 0.7230068236852174 
3.75 0.8362084710235259 
3.85 0.9199320620564477 
3.95 1.0153416269903526 
4.05 1.0643457840071615 
4.15 1.1720553050514313 
4.25 1.2177065692205222 
4.3500000000000005 1.299871014041601 
4.45 1.3173904969958457 
4.55 1.332746536357861 
4.65 1.3744138851568202 
4.75 1.4464606533375468 
4.8500000000000005 1.4850287167963534 
4.95 1.3011546195618513 
5.050000000000001 1.081697781710145 
5.15 0.9040308686875793 
5.25 0.8100886874536232 
5.3500000000000005 0.7800888967688387 
5.45 0.764179333376726 
5.550000000000001 0.7796952841636874 
5.65 0.7806781285165176 
5.75 0.8107994157342236 
5.8500000000000005 0.793535212952156 
5.95 0.8201212999144498 
6.050000000000001 0.8528024509063674 
6.15 0.8869362343800554 
6.25 0.9160686268497672 
6.3500000000000005 0.9624317292621285 
6.45 0.9927211831316715 
6.550000000000001 1.0454371400671334 
6.65 1.085655390367464 
6.75 1.1302159952848436 
6.8500000000000005 1.144097150846524 
6.95 1.168942896633734 
7.050000000000001 1.1587357929184372 
7.15 1.1593292222300948 
7.25 1.133679456164887 
7.3500000000000005 1.0898048784759238 
7.45 1.0507179902585233 
7.550000000000001 1.0183032538656174 
7.65 0.9879197233161361 
7.75 0.9433468260202698 
7.8500000000000005 0.9139457654266534 
7.95 0.9073379176061119 
8.05 0.8990804783060395 
8.15 0.9100958369595035 
8.25 0.9230950310027541 
8.35 0.9318020920099971 
8.450000000000001 0.9474960575247724 
8.55 0.961417343598507 
8.65 0.9877675681266044 
8.75 1.0032463104036344 
8.85 1.0191732930340371 
8.950000000000001 1.0288201375036652 
9.05 1.0382460359547145 
9.15 1.0458469746425691 
9.25 1.0423044111627155 
9.35 1.046628099322283 
9.450000000000001 1.0614176312584678 
9.55 1.0504997204338242 
9.65 1.0448741076763597 
9.75 1.0265244200021864 
9.850000000000001 1.0039234788833797 
9.950000000000001 0.9943599887209097 
10.05 0.9675833623345957 
