0.05 0.0 
0.15000000000000002 0.0 
0.25 0.0 
0.35000000000000003 0.0 
0.45 0.0 
0.55 0.0 
0.65 0.0 
0.75 0.0 
0.8500000000000001 0.0 
0.9500000000000001 0.0 
1.05 0.0 
1.1500000000000001 0.0 
1.25 0.0 
1.35 0.0 
1.4500000000000002 0.0 
1.55 0.0 
1.6500000000000001 0.0 
1.75 0.0 
1.85 0.0 
1.9500000000000002 0.0 
2.0500000000000003 0.0003341694888412256 
2.15 0.41166573032156045 
2.25 4.639980971377128 
2.35 6.360487870066001 
2.45 3.5220152309158825 
2.5500000000000003 1.620323278404281 
2.6500000000000004 0.8065765052939199 
2.75 0.5151738873245708 
2.85 0.3928571654387362 
2.95 0.3364969006200759 
3.0500000000000003 0.34468942212609033 
3.1500000000000004 0.3891148327859357 
3.25 0.4243131056621186 
3.35 0.493725743040261 
3.45 0.5424585196852777 
3.5500000000000003 0.6158657949535762 
3.6500000000000004 0.6663977514224037 
3.75 0.766068702071293 
3.85 0.8769829995150458 
3.95 0.9777167455419872 
4.05 1.0801432165329616 
4.15 1.1487647571878974 
4.25 1.2570091495767315 
4.3500000000000005 1.2985303626301188 
4.45 1.2813988634230669 
4.55 1.2853987837665033 
4.65 1.3311356974698156 
4.75 1.4342994820326802 
4.8500000000000005 1.4663480761449166 
4.95 1.3207991540749073 
5.050000000000001 1.1200288569232506 
5.15 0.9665385668971684 
5.25 0.8900662731091 
5.3500000000000005 0.8495474906979301 
5.45 0.8044244862831418 
5.550000000000001 0.7770661431697796 
5.65 0.771847497073379 
5.75 0.7605285876223523 
5.8500000000000005 0.753425000067811 
5.95 0.7625923614035115 
6.050000000000001 0.7979926919489658 
6.15 0.8422926765180492 
6.25 0.895273622981986 
6.3500000000000005 0.9443515943105207 
6.45 0.9967317066027245 
6.550000000000001 1.0430745810085533 
6.65 1.0894716491997245 
6.75 1.1110097473646956 
6.8500000000000005 1.135115617550584 
6.95 1.1698590983368995 
7.050000000000001 1.161917801019683 
7.15 1.1447008413992013 
7.25 1.1278515022796165 
7.3500000000000005 1.1037149962640784 
7.45 1.0784094134704731 
7.550000000000001 1.0557486168058186 
7.65 1.019303714258422 
7.75 0.9893806814870743 
7.8500000000000005 0.9569948424367158 
7.95 0.9423830551702032 
8.05 0.9190938594391646 
8.15 0.9091122448892924 
8.25 0.9067090016376458 
8.35 0.9076647688097683 
8.450000000000001 0.9258687589296147 
8.55 0.9423244821578498 
8.65 0.9496101078458227 
8.75 0.965638161345471 
8.85 0.981474547272697 
8.950000000000001 0.9899656871044709 
9.05 1.0132787582611364 
9.15 1.0288826307827759 
9.25 1.0383910235799014 
9.35 1.0386796921414856 
9.450000000000001 1.0452825228181384 
9.55 1.046238527522887 
9.65 1.0391927812986912 
9.75 1.0366471976001328 
9.850000000000001 1.02444977546697 
9.950000000000001 1.0127294444238304 
10.05 0.994414398683569 
