0.05 0.0 
0.15000000000000002 0.0 
0.25 0.0 
0.35000000000000003 0.0 
0.45 0.0 
0.55 0.0 
0.65 0.0 
0.75 0.0 
0.8500000000000001 0.0 
0.9500000000000001 0.0 
1.05 0.0 
1.1500000000000001 0.0 
1.25 0.0 
1.35 0.0 
1.4500000000000002 0.0 
1.55 0.0 
1.6500000000000001 0.0 
1.75 0.0 
1.85 0.0 
1.9500000000000002 0.0 
2.0500000000000003 0.004049479600806474 
2.15 0.6737347232306449 
2.25 4.57524814349946 
2.35 4.8860514983863625 
2.45 2.642509161469744 
2.5500000000000003 1.5075770452749226 
2.6500000000000004 0.8518734753112768 
2.75 0.6458946733755263 
2.85 0.5626043204848806 
2.95 0.5114216670185128 
3.0500000000000003 0.4839273213597951 
3.1500000000000004 0.5214456527012281 
3.25 0.5712264417200104 
3.35 0.5452178683379265 
3.45 0.6155985776627284 
3.5500000000000003 0.7130854044045913 
3.6500000000000004 0.717986815726477 
3.75 0.8290779182229487 
3.85 0.9157519759055606 
3.95 1.0128790048256469 
4.05 1.0988967708671753 
4.15 1.1572647788694521 
4.25 1.2707089883314202 
4.3500000000000005 1.3438351774292325 
4.45 1.379095912233954 
4.55 1.3951940490933774 
4.65 1.4224223145285766 
4.75 1.4932939105943677 
4.8500000000000005 1.5112233813893328 
4.95 1.3372069133434437 
5.050000000000001 1.0368295297313368 
5.15 0.8204756118392351 
5.25 0.7706832063390927 
5.3500000000000005 0.7480893642697257 
5.45 0.7859296447795052 
5.550000000000001 0.7600740871914979 
5.65 0.7744635021965266 
5.75 0.8216356958847332 
5.8500000000000005 0.8126860261996807 
5.95 0.8437737574581283 
6.050000000000001 0.8677288759828115 
6.15 0.8966678064606786 
6.25 0.9353079820384251 
6.3500000000000005 1.0071799248580695 
6.45 1.0547458662061162 
6.550000000000001 1.0773376039471174 
6.65 1.0728930920569657 
6.75 1.113813230300937 
6.8500000000000005 1.1406588925603516 
6.95 1.1422521169625186 
7.050000000000001 1.1539128046617153 
7.15 1.122860599311519 
7.25 1.1022997283026255 
7.3500000000000005 1.1467094557905484 
7.45 1.0961987000490874 
7.550000000000001 1.0215176369689858 
7.65 0.9523771955079045 
7.75 0.8957939246287911 
7.8500000000000005 0.901705116231194 
7.95 0.8961302300349643 
8.05 0.9074939816990697 
8.15 0.9075271520996134 
8.25 0.9409278899319897 
8.35 0.9511168022995499 
8.450000000000001 0.9623505754261124 
8.55 0.9768763435227006 
8.65 1.0098134260436928 
8.75 1.0401089853238046 
8.85 1.0265161937204839 
8.950000000000001 1.0475852573226943 
9.05 1.0678932245796386 
9.15 1.0485418602102892 
9.25 1.069261231419856 
9.35 1.0566362536965843 
9.450000000000001 1.0296270830235816 
9.55 1.0066842597519068 
9.65 1.0176413842329128 
9.75 0.9838030998850567 
9.850000000000001 0.9576133036611003 
9.950000000000001 0.9537631553073183 
10.05 0.9439775829088152 
