0.05 0.0 
0.15000000000000002 0.0 
0.25 0.0 
0.35000000000000003 0.0 
0.45 0.0 
0.55 0.0 
0.65 0.0 
0.75 0.0 
0.8500000000000001 0.0 
0.9500000000000001 0.0 
1.05 0.0 
1.1500000000000001 0.0 
1.25 0.0 
1.35 0.0 
1.4500000000000002 0.0 
1.55 0.0 
1.6500000000000001 0.0 
1.75 0.0 
1.85 0.0 
1.9500000000000002 0.0 
2.0500000000000003 0.0004589736490945196 
2.15 0.49531000056252394 
2.25 5.291191750450438 
2.35 7.064644836768044 
2.45 3.6691050506356198 
2.5500000000000003 1.5333881460409189 
2.6500000000000004 0.756900371803898 
2.75 0.44000482849344497 
2.85 0.33664361145377836 
2.95 0.2924861874779993 
3.0500000000000003 0.30327658216794257 
3.1500000000000004 0.3163090057923491 
3.25 0.3608839269486215 
3.35 0.4013715700836418 
3.45 0.4691228019127567 
3.5500000000000003 0.5482278790416775 
3.6500000000000004 0.6325589874489667 
3.75 0.7168382410561849 
3.85 0.8191481371424653 
3.95 0.9134014392259667 
4.05 1.0192793250915928 
4.15 1.086179927678519 
4.25 1.1647407494339455 
4.3500000000000005 1.1968839453067028 
4.45 1.2171032092808558 
4.55 1.2585895818508033 
4.65 1.3842824615130773 
4.75 1.5127085285157154 
4.8500000000000005 1.5225714252585412 
4.95 1.434002228181799 
5.050000000000001 1.2661210430817316 
5.15 1.111016435453292 
5.25 0.9980892371153419 
5.3500000000000005 0.928168561714134 
5.45 0.8548989414741943 
5.550000000000001 0.7924913634648709 
5.65 0.7500325770270578 
5.75 0.7406556427703596 
5.8500000000000005 0.7189334047852044 
5.95 0.7218360599080348 
6.050000000000001 0.7234703909122266 
6.15 0.74277575990024 
6.25 0.7896480860691554 
6.3500000000000005 0.8439875665280817 
6.45 0.8989394971213848 
6.550000000000001 0.955856111020866 
6.65 1.0252185419623072 
6.75 1.080067794463141 
6.8500000000000005 1.1342197441639872 
6.95 1.1601675612980367 
7.050000000000001 1.1826640517046982 
7.15 1.189569890803463 
7.25 1.1702123454804558 
7.3500000000000005 1.1567994705590494 
7.45 1.142654853916295 
7.550000000000001 1.1163265066552752 
7.65 1.089228149579861 
7.75 1.0466541667332159 
7.8500000000000005 1.0293778303713434 
7.95 0.9988372101187959 
8.05 0.9802192167418677 
8.15 0.9632832628012558 
8.25 0.9337235929782431 
8.35 0.9144676275498347 
8.450000000000001 0.9139046833137838 
8.55 0.911719050256671 
8.65 0.9134376525691937 
8.75 0.9180778825765543 
8.85 0.9240990530566763 
8.950000000000001 0.93725807348894 
9.05 0.9593058562259694 
9.15 0.9734887744916324 
9.25 0.9816628680479815 
9.35 1.003003487387216 
9.450000000000001 1.0075095617451053 
9.55 1.031089804805415 
9.65 1.0377158205151193 
9.75 1.0540725190972817 
9.850000000000001 1.0563017171068638 
9.950000000000001 1.051847015162952 
10.05 1.04934602670265 
