0.05 0.0 
0.15000000000000002 0.0 
0.25 0.0 
0.35000000000000003 0.0 
0.45 0.0 
0.55 0.0 
0.65 0.0 
0.75 0.0 
0.8500000000000001 0.0 
0.9500000000000001 0.0 
1.05 0.0 
1.1500000000000001 0.0 
1.25 0.0 
1.35 0.0 
1.4500000000000002 0.0 
1.55 0.0 
1.6500000000000001 0.0 
1.75 0.0 
1.85 0.0 
1.9500000000000002 0.0 
2.0500000000000003 0.00036200493446987873 
2.15 0.4422533959822585 
2.25 4.551704281436243 
2.35 6.048662322257728 
2.45 3.272281909340197 
2.5500000000000003 1.5508035396340754 
2.6500000000000004 0.8277708072007952 
2.75 0.5449201340167775 
2.85 0.4193757630390371 
2.95 0.3830347673066116 
3.0500000000000003 0.3713645099969007 
3.1500000000000004 0.38950763012140655 
3.25 0.42910333811337414 
3.35 0.4968982013308395 
3.45 0.5742600594739857 
3.5500000000000003 0.6325200480717726 
3.6500000000000004 0.7072570673999861 
3.75 0.8021068580763652 
3.85 0.8900556703344109 
3.95 0.9748249933274563 
4.05 1.070948659772145 
4.15 1.1837974171193941 
4.25 1.2447322051480576 
4.3500000000000005 1.2797919315561992 
4.45 1.2848861741158326 
4.55 1.2983682117942041 
4.65 1.3613914908762292 
4.75 1.4655734578004485 
4.8500000000000005 1.4752842493969445 
4.95 1.3140554175576173 
5.050000000000001 1.068317718781453 
5.15 0.9128314459178546 
5.25 0.8354592161120481 
5.3500000000000005 0.8070199121411774 
5.45 0.7980483773245793 
5.550000000000001 0.7854477542514933 
5.65 0.778391791276079 
5.75 0.7851921716447491 
5.8500000000000005 0.7980418740569138 
5.95 0.8182367698444715 
6.050000000000001 0.8479253943659308 
6.15 0.8920825132067359 
6.25 0.9357768903764422 
6.3500000000000005 0.9694610807004752 
6.45 1.009590512525836 
6.550000000000001 1.0418448075217035 
6.65 1.0784474322383795 
6.75 1.095583775945841 
6.8500000000000005 1.1220557132511906 
6.95 1.1432317643256997 
7.050000000000001 1.1457044179190543 
7.15 1.1416797192338441 
7.25 1.1323355323042283 
7.3500000000000005 1.1064620768432616 
7.45 1.072744170272841 
7.550000000000001 1.040567020821897 
7.65 1.0007962449055168 
7.75 0.9705089899462576 
7.8500000000000005 0.947632546763504 
7.95 0.9289854336107066 
8.05 0.9203235490090447 
8.15 0.9180717767650038 
8.25 0.9228959788687425 
8.35 0.9291893793524412 
8.450000000000001 0.9383152475295679 
8.55 0.9522052055352219 
8.65 0.9621133265074336 
8.75 0.980544381053242 
8.85 0.9973053509005266 
8.950000000000001 1.0197090754354017 
9.05 1.0291982841966358 
9.15 1.0359505757283225 
9.25 1.0335338497413362 
9.35 1.0304933647801473 
9.450000000000001 1.0266540747480115 
9.55 1.0252237441782228 
9.65 1.0187951026026656 
9.75 1.0173471844091717 
9.850000000000001 1.0134154031533773 
9.950000000000001 1.0042741572930203 
10.05 0.994968758229474 
