0.05 0.0 
0.15000000000000002 0.0 
0.25 0.0 
0.35000000000000003 0.0 
0.45 0.0 
0.55 0.0 
0.65 0.0 
0.75 0.0 
0.8500000000000001 0.0 
0.9500000000000001 0.0 
1.05 0.0 
1.1500000000000001 0.0 
1.25 0.0 
1.35 0.0 
1.4500000000000002 0.0 
1.55 0.0 
1.6500000000000001 0.0 
1.75 0.0 
1.85 0.0 
1.9500000000000002 0.0 
2.0500000000000003 0.0003967700578756538 
2.15 0.5657988225782347 
2.25 5.795098087038324 
2.35 7.365556863585939 
2.45 3.673972872529906 
2.5500000000000003 1.468540651784645 
2.6500000000000004 0.6870888936241567 
2.75 0.4141093815419536 
2.85 0.3158609584023697 
2.95 0.28043991857640216 
3.0500000000000003 0.26791070072927387 
3.1500000000000004 0.28680151120168507 
3.25 0.32263121247462306 
3.35 0.36532641377168956 
3.45 0.4012003605647338 
3.5500000000000003 0.47710371686556896 
3.6500000000000004 0.5807523932727722 
3.75 0.6543148754796796 
3.85 0.7028430486853052 
3.95 0.7627288568070587 
4.05 0.8446386729458073 
4.15 0.940425051564429 
4.25 1.024290130067064 
4.3500000000000005 1.1380082688910953 
4.45 1.213594151301225 
4.55 1.3315739849427155 
4.65 1.427439917985906 
4.75 1.5679476381681454 
4.8500000000000005 1.6248753485283565 
4.95 1.5497138405167907 
5.050000000000001 1.397887992979692 
5.15 1.230287661552112 
5.25 1.1194280592810681 
5.3500000000000005 1.0218627785960486 
5.45 0.9266240998586278 
5.550000000000001 0.8428028259459843 
5.65 0.789620245498521 
5.75 0.7347276648920401 
5.8500000000000005 0.7039762796246624 
5.95 0.6906642444844049 
6.050000000000001 0.6946075740140594 
6.15 0.7215432917374077 
6.25 0.7703004243526138 
6.3500000000000005 0.798674494791142 
6.45 0.8550176668332671 
6.550000000000001 0.9084875550861314 
6.65 0.9819865736178057 
6.75 1.0568397623817543 
6.8500000000000005 1.087323652937584 
6.95 1.1072726705132174 
7.050000000000001 1.1307438147289532 
7.15 1.1405871139905603 
7.25 1.150143011259239 
7.3500000000000005 1.1459177930487205 
7.45 1.1460406932210947 
7.550000000000001 1.1547077696544337 
7.65 1.147628895108356 
7.75 1.1349335454139242 
7.8500000000000005 1.093739760454412 
7.95 1.0471086906334819 
8.05 1.0108454088892318 
8.15 0.9783958472108149 
8.25 0.9464534189819179 
8.35 0.9302585948549899 
8.450000000000001 0.9097375547638435 
8.55 0.9002282210586848 
8.65 0.8925288805673915 
8.75 0.9031220064226574 
8.85 0.9054414046545535 
8.950000000000001 0.9164265027415418 
9.05 0.9355857099969767 
9.15 0.9472091101962368 
9.25 0.9640685602436089 
9.35 0.972830583762832 
9.450000000000001 0.9907749099056219 
9.55 1.0069628038392506 
9.65 1.0096981907948945 
9.75 1.0184871950893113 
9.850000000000001 1.0243924185407127 
9.950000000000001 1.0393733785213137 
10.05 1.047935907934504 
