0.05 0.0 
0.15000000000000002 0.0 
0.25 0.0 
0.35000000000000003 0.0 
0.45 0.0 
0.55 0.0 
0.65 0.0 
0.75 0.0 
0.8500000000000001 0.0 
0.9500000000000001 0.0 
1.05 0.0 
1.1500000000000001 0.0 
1.25 0.0 
1.35 0.0 
1.4500000000000002 0.0 
1.55 0.0 
1.6500000000000001 0.0 
1.75 0.0 
1.85 0.0 
1.9500000000000002 0.0 
2.0500000000000003 0.0008133171172945628 
2.15 0.4318285831193448 
2.25 4.858794117245637 
2.35 6.617147575471443 
2.45 3.6099806561519103 
2.5500000000000003 1.6413341112143172 
2.6500000000000004 0.8325133827662107 
2.75 0.4837929709770845 
2.85 0.38591246428438347 
2.95 0.32772360410134516 
3.0500000000000003 0.34333415220331676 
3.1500000000000004 0.3503620973973418 
3.25 0.4027072935061763 
3.35 0.4656339936828158 
3.45 0.5128443091995271 
3.5500000000000003 0.583004753759116 
3.6500000000000004 0.660635430158686 
3.75 0.7659737331942419 
3.85 0.8823742697683169 
3.95 1.0169750710211556 
4.05 1.0852680382063076 
4.15 1.1501778408650005 
4.25 1.187219813070799 
4.3500000000000005 1.2312413906898052 
4.45 1.2596787209521823 
4.55 1.2749320019929287 
4.65 1.3492757120554415 
4.75 1.4649811795213084 
4.8500000000000005 1.4805238178910696 
4.95 1.349505932719957 
5.050000000000001 1.1509714251887175 
5.15 1.0026071619213046 
5.25 0.9126854729406522 
5.3500000000000005 0.8630013185109395 
5.45 0.8119420871657623 
5.550000000000001 0.7783600006663655 
5.65 0.7482319606197443 
5.75 0.7423545770085344 
5.8500000000000005 0.7507895317981752 
5.95 0.7693475546898173 
6.050000000000001 0.7752888204739997 
6.15 0.8021021525489131 
6.25 0.8510871922292523 
6.3500000000000005 0.9063911327234986 
6.45 0.9537742660950492 
6.550000000000001 0.9984742892155016 
6.65 1.0260051731966393 
6.75 1.084842026380587 
6.8500000000000005 1.1274940415250503 
6.95 1.1590735405524497 
7.050000000000001 1.1813359038694564 
7.15 1.1763412859568014 
7.25 1.1665747804114233 
7.3500000000000005 1.1455944875542978 
7.45 1.1233622544745172 
7.550000000000001 1.0991993602068246 
7.65 1.062705907988233 
7.75 1.0178521316842033 
7.8500000000000005 0.9896996303762993 
7.95 0.9628489501743165 
8.05 0.9463913631481158 
8.15 0.9268953745476562 
8.25 0.9138537054860261 
8.35 0.9265981899411848 
8.450000000000001 0.9340503053862513 
8.55 0.9375352768521434 
8.65 0.9496264259915417 
8.75 0.944923091764006 
8.85 0.9517698678137012 
8.950000000000001 0.963069744947941 
9.05 0.9790806412845394 
9.15 0.9953631361674573 
9.25 1.0001951206594777 
9.35 1.0123495050446027 
9.450000000000001 1.0217519998057647 
9.55 1.0311279853313633 
9.65 1.0421617453941299 
9.75 1.0432860613653663 
9.850000000000001 1.0342842505001353 
9.950000000000001 1.0329018585896554 
10.05 1.0275108721083681 
