0.05 0.0 
0.15000000000000002 0.0 
0.25 0.0 
0.35000000000000003 0.0 
0.45 0.0 
0.55 0.0 
0.65 0.0 
0.75 0.0 
0.8500000000000001 0.0 
0.9500000000000001 0.0 
1.05 0.0 
1.1500000000000001 0.0 
1.25 0.0 
1.35 0.0 
1.4500000000000002 0.0 
1.55 0.0 
1.6500000000000001 0.0 
1.75 0.0 
1.85 0.0 
1.9500000000000002 0.0 
2.0500000000000003 0.0 
2.15 0.0 
2.25 0.0 
2.35 0.0 
2.45 0.0020880072579170265 
2.5500000000000003 0.010922350626284933 
2.6500000000000004 0.043429295715887516 
2.75 0.2695937304093111 
2.85 1.1825183919297209 
2.95 2.3365707538659777 
3.0500000000000003 2.469723562907635 
3.1500000000000004 2.0653071051113545 
3.25 2.1399296094310865 
3.35 2.527104373170988 
3.45 2.969648003823623 
3.5500000000000003 3.1773465810930217 
3.6500000000000004 2.857303416104952 
3.75 2.311206275994717 
3.85 1.7749700357761369 
3.95 1.1236247593854556 
4.05 0.5848479618088245 
4.15 0.34667157158800965 
4.25 0.2803547578685106 
4.3500000000000005 0.23118105935467528 
4.45 0.2635283531568311 
4.55 0.2772998697071195 
4.65 0.3194136103593689 
4.75 0.3811055894600199 
4.8500000000000005 0.4474376363483101 
4.95 0.4672277212140512 
5.050000000000001 0.5645748569868223 
5.15 0.626828945730493 
5.25 0.7227826463882294 
5.3500000000000005 0.8306063855007074 
5.45 0.9291179283026259 
5.550000000000001 1.0336189505066289 
5.65 1.0964365137317615 
5.75 1.1563190107975725 
5.8500000000000005 1.2301811238765077 
5.95 1.2851299679144095 
6.050000000000001 1.3023573057961093 
6.15 1.3118283900051209 
6.25 1.2925418820749632 
6.3500000000000005 1.2295639611617377 
6.45 1.1738572369679814 
6.550000000000001 1.085211287385593 
6.65 1.011624958484514 
6.75 0.9511526596358407 
6.8500000000000005 0.8929531563327409 
6.95 0.870556041305227 
7.050000000000001 0.8808380888218256 
7.15 0.887838193905755 
7.25 0.8946760428653011 
7.3500000000000005 0.925178705032505 
7.45 0.9162424387190118 
7.550000000000001 0.9368451005779574 
7.65 0.9130126198942804 
7.75 0.9490122577560676 
7.8500000000000005 0.9706203068578851 
7.95 1.0057223212710271 
8.05 1.026734205419859 
8.15 1.0464812536695032 
8.25 1.0546616453387707 
8.35 1.088640220315606 
8.450000000000001 1.0980197330623682 
8.55 1.0885465460897092 
8.65 1.1114924537400213 
8.75 1.116902708425767 
8.85 1.0912180195728203 
8.950000000000001 1.0841831352739606 
9.05 1.062753629911502 
9.15 1.0480354939108898 
9.25 1.0222749805986546 
9.35 0.977345056764388 
9.450000000000001 0.9442309248642483 
9.55 0.9443973671537063 
9.65 0.9533727883859379 
9.75 0.9398945137526942 
9.850000000000001 0.9402006320721804 
9.950000000000001 0.9392073313508159 
10.05 0.9354196256333888 
