0.05 0.0 
0.15000000000000002 0.0 
0.25 0.0 
0.35000000000000003 0.0 
0.45 0.0 
0.55 0.0 
0.65 0.0 
0.75 0.0 
0.8500000000000001 0.0 
0.9500000000000001 0.0 
1.05 0.0 
1.1500000000000001 0.0 
1.25 0.0 
1.35 0.0 
1.4500000000000002 0.0 
1.55 0.0 
1.6500000000000001 0.0 
1.75 0.0 
1.85 0.0 
1.9500000000000002 0.0 
2.0500000000000003 0.0 
2.15 0.0 
2.25 0.0 
2.35 0.0 
2.45 0.0 
2.5500000000000003 0.005391975379913547 
2.6500000000000004 0.0506408449115874 
2.75 0.3099691604978216 
2.85 1.1124695536107163 
2.95 2.1019918457407547 
3.0500000000000003 2.2620384092774635 
3.1500000000000004 1.9293853562483634 
3.25 2.0306335330350653 
3.35 2.399960257385476 
3.45 2.8566636813474595 
3.5500000000000003 2.9547654303402373 
3.6500000000000004 2.633789859655819 
3.75 2.2380236122204225 
3.85 1.709302097115129 
3.95 1.0424393035153716 
4.05 0.5726048694123218 
4.15 0.3240066017407006 
4.25 0.2310111703227801 
4.3500000000000005 0.25333790421661984 
4.45 0.25599300006746967 
4.55 0.26494743526465414 
4.65 0.26965980260895445 
4.75 0.3365749710397474 
4.8500000000000005 0.4012064542266465 
4.95 0.446696087338394 
5.050000000000001 0.5674615889311302 
5.15 0.7022102383592833 
5.25 0.8401910121416449 
5.3500000000000005 0.9569608545682585 
5.45 1.1043058096854894 
5.550000000000001 1.2227797684533661 
5.65 1.2806221827331932 
5.75 1.3197973541351626 
5.8500000000000005 1.3912836744471 
5.95 1.409575226860496 
6.050000000000001 1.3775969240881412 
6.15 1.3156798720913454 
6.25 1.2355726733685957 
6.3500000000000005 1.1760934367212945 
6.45 1.1460496877585287 
6.550000000000001 1.1073537606751396 
6.65 1.0571963780879523 
6.75 0.9702532372711463 
6.8500000000000005 0.8854438999356279 
6.95 0.8238497399132721 
7.050000000000001 0.7808901985131323 
7.15 0.7942794231513822 
7.25 0.808162750002009 
7.3500000000000005 0.8373215102370944 
7.45 0.870861548684104 
7.550000000000001 0.9150851154916455 
7.65 0.9552587300378239 
7.75 0.9381890534270247 
7.8500000000000005 0.97678865842403 
7.95 0.9866891637373312 
8.05 0.9909293165611922 
8.15 0.9976067875247759 
8.25 1.026339820816863 
8.35 1.0590944194805387 
8.450000000000001 1.0816014506931149 
8.55 1.0960564936752875 
8.65 1.0884017441636997 
8.75 1.0734152211966623 
8.85 1.070272773609884 
8.950000000000001 1.0783836648694736 
9.05 1.0831243911093595 
9.15 1.0704088838835364 
9.25 1.0418283525916816 
9.35 1.0254499889389785 
9.450000000000001 0.9892217794042576 
9.55 0.9930556574744077 
9.65 0.9709672200722742 
9.75 0.9507833894313616 
9.850000000000001 0.9450003377369482 
9.950000000000001 0.9382445630279732 
10.05 0.9300813202693048 
