0.05 0.0 
0.15000000000000002 0.0 
0.25 0.0 
0.35000000000000003 0.0 
0.45 0.0 
0.55 0.0 
0.65 0.0 
0.75 0.0 
0.8500000000000001 0.0 
0.9500000000000001 0.0 
1.05 0.0 
1.1500000000000001 0.0 
1.25 0.0 
1.35 0.0 
1.4500000000000002 0.0 
1.55 0.0 
1.6500000000000001 0.0 
1.75 0.0 
1.85 0.0 
1.9500000000000002 0.0 
2.0500000000000003 0.0 
2.15 0.0 
2.25 0.0 
2.35 0.0 
2.45 0.0 
2.5500000000000003 0.008423434798422681 
2.6500000000000004 0.04319874166711795 
2.75 0.2523869188443013 
2.85 0.8662915487887627 
2.95 1.7754447979479404 
3.0500000000000003 2.0572659070915935 
3.1500000000000004 1.8675813400427925 
3.25 2.0141242906499874 
3.35 2.421321153510755 
3.45 2.7729459982780815 
3.5500000000000003 2.874709068952686 
3.6500000000000004 2.6168841932932936 
3.75 2.122619564070289 
3.85 1.538202596556212 
3.95 0.9363071421031403 
4.05 0.5885384752838944 
4.15 0.43892176083950485 
4.25 0.41524459379769546 
4.3500000000000005 0.4306661234697581 
4.45 0.4413187052041582 
4.55 0.4595846807365298 
4.65 0.5166173239301896 
4.75 0.572599246342734 
4.8500000000000005 0.6173028631830496 
4.95 0.6577913412182442 
5.050000000000001 0.6894984883862202 
5.15 0.7506812879166822 
5.25 0.8449667281817242 
5.3500000000000005 0.9167280888244015 
5.45 0.9656782337539261 
5.550000000000001 1.0399489737180911 
5.65 1.1406112567913125 
5.75 1.1991643639155483 
5.8500000000000005 1.2502496242341157 
5.95 1.2573787585245348 
6.050000000000001 1.2662353862101483 
6.15 1.2517967258970242 
6.25 1.2572593070754738 
6.3500000000000005 1.1972817649593104 
6.45 1.1139545399244732 
6.550000000000001 1.031975953169197 
6.65 0.9703002656308093 
6.75 0.9141114078875098 
6.8500000000000005 0.8698362240185884 
6.95 0.8410597738304285 
7.050000000000001 0.844499322579866 
7.15 0.8644808888890495 
7.25 0.8957929692322729 
7.3500000000000005 0.9030962704413785 
7.45 0.9184182297481273 
7.550000000000001 0.9590815185743042 
7.65 0.9742056031870158 
7.75 1.0087206919720957 
7.8500000000000005 1.0235297464517874 
7.95 1.0423462421845315 
8.05 1.034557694291237 
8.15 1.0366049229948855 
8.25 1.0446263418130008 
8.35 1.0380679215898292 
8.450000000000001 1.0489349841423732 
8.55 1.0346297410589431 
8.65 1.0261646204443253 
8.75 1.0235379245677814 
8.85 1.0106526478503297 
8.950000000000001 1.001714252542334 
9.05 0.9647276756560781 
9.15 0.9754143550754248 
9.25 0.9550787517130156 
9.35 0.9793444700417978 
9.450000000000001 0.9689196618963081 
9.55 0.9844495741067002 
9.65 0.9859178610776773 
9.75 0.9841491931663 
9.850000000000001 0.9801206032656801 
9.950000000000001 0.9970804541154922 
10.05 1.0161367057730961 
