0.05 0.0 
0.15000000000000002 0.0 
0.25 0.0 
0.35000000000000003 0.0 
0.45 0.0 
0.55 0.0 
0.65 0.0 
0.75 0.0 
0.8500000000000001 0.0 
0.9500000000000001 0.0 
1.05 0.0 
1.1500000000000001 0.0 
1.25 0.0 
1.35 0.0 
1.4500000000000002 0.0 
1.55 0.0 
1.6500000000000001 0.0 
1.75 0.0 
1.85 0.0 
1.9500000000000002 0.0 
2.0500000000000003 0.0 
2.15 0.0 
2.25 0.0 
2.35 0.0 
2.45 0.0 
2.5500000000000003 0.0035005070189813464 
2.6500000000000004 0.021064917037828524 
2.75 0.11110377411156708 
2.85 0.4793815121604821 
2.95 1.133977084371998 
3.0500000000000003 1.5036760697885148 
3.1500000000000004 1.5273293343441416 
3.25 1.6019438011946676 
3.35 1.9311203331355031 
3.45 2.257236722228797 
3.5500000000000003 2.4169901813606525 
3.6500000000000004 2.2752722921381663 
3.75 2.0976277537858596 
3.85 1.6513991498351717 
3.95 1.0502338248763214 
4.05 0.62296934626105 
4.15 0.48072889538867475 
4.25 0.4622846968310101 
4.3500000000000005 0.5031022277584659 
4.45 0.5453018123391024 
4.55 0.6198007550754702 
4.65 0.6802078626058904 
4.75 0.7293742321770295 
4.8500000000000005 0.749774745209821 
4.95 0.7771519792459403 
5.050000000000001 0.8264964062779333 
5.15 0.8523932605203777 
5.25 0.889119721708421 
5.3500000000000005 0.935933808982729 
5.45 0.9841139162837811 
5.550000000000001 1.0129313069442496 
5.65 1.0684106384846133 
5.75 1.1264801224822187 
5.8500000000000005 1.186476177885471 
5.95 1.23723069089124 
6.050000000000001 1.233247603359202 
6.15 1.1946523366703872 
6.25 1.1895951241629197 
6.3500000000000005 1.1275686496798223 
6.45 1.0691760621414514 
6.550000000000001 0.9490815619676375 
6.65 0.8678112812078044 
6.75 0.7940029327038415 
6.8500000000000005 0.7660504847951353 
6.95 0.7857890833390957 
7.050000000000001 0.8156471511241448 
7.15 0.8368502839418093 
7.25 0.9142143459591018 
7.3500000000000005 0.9774131430370391 
7.45 1.006344303859583 
7.550000000000001 1.0200031723406926 
7.65 1.0336521598093988 
7.75 1.0612399076465866 
7.8500000000000005 1.0813929671308953 
7.95 1.0882071938153963 
8.05 1.1110460020344615 
8.15 1.1121148516019401 
8.25 1.116433180552637 
8.35 1.1050433406742577 
8.450000000000001 1.0882296364381834 
8.55 1.0724241889985575 
8.65 1.0585626418749703 
8.75 1.005731749088611 
8.85 0.98394137596032 
8.950000000000001 0.9484451451845985 
9.05 0.9255867287197083 
9.15 0.9071226162756907 
9.25 0.8926808229061215 
9.35 0.9122215774162484 
9.450000000000001 0.9319572189965771 
9.55 0.9528173351397493 
9.65 0.9547679101298704 
9.75 0.9707658899304544 
9.850000000000001 0.9689060385238615 
9.950000000000001 0.9907617310241341 
10.05 1.0071007951921382 
