0.05 0.0 
0.15000000000000002 0.0 
0.25 0.0 
0.35000000000000003 0.0 
0.45 0.0 
0.55 0.0 
0.65 0.0 
0.75 0.0 
0.8500000000000001 0.0 
0.9500000000000001 0.0 
1.05 0.0 
1.1500000000000001 0.0 
1.25 0.0 
1.35 0.0 
1.4500000000000002 0.0 
1.55 0.0 
1.6500000000000001 0.0 
1.75 0.0 
1.85 0.0 
1.9500000000000002 0.0 
2.0500000000000003 0.0 
2.15 0.0 
2.25 0.0 
2.35 0.0 
2.45 0.0 
2.5500000000000003 0.00981260918415734 
2.6500000000000004 0.03691225776248547 
2.75 0.2183170398460901 
2.85 1.0467752848019154 
2.95 2.079139820746029 
3.0500000000000003 2.299591642335022 
3.1500000000000004 2.04337697839669 
3.25 2.1506489695524063 
3.35 2.6638407017580374 
3.45 3.027667374042233 
3.5500000000000003 3.025015282900413 
3.6500000000000004 2.799275851365686 
3.75 2.2821609233628712 
3.85 1.634829344911398 
3.95 1.0234749475971614 
4.05 0.5789323515806084 
4.15 0.40108019278207735 
4.25 0.3471004522830934 
4.3500000000000005 0.3536672545985144 
4.45 0.347820018674134 
4.55 0.3806687270985231 
4.65 0.4111383223684931 
4.75 0.4496911925555119 
4.8500000000000005 0.4706750021147055 
4.95 0.5384444030957221 
5.050000000000001 0.6105389787561097 
5.15 0.7114188674440317 
5.25 0.7535980612775052 
5.3500000000000005 0.80218872848347 
5.45 0.8807100984700824 
5.550000000000001 1.004635615879095 
5.65 1.1286840495604076 
5.75 1.1999026612778503 
5.8500000000000005 1.209111445512739 
5.95 1.2531912682743431 
6.050000000000001 1.2949188129460525 
6.15 1.2706553838316648 
6.25 1.2198041268027444 
6.3500000000000005 1.1711049337468211 
6.45 1.1160920140310433 
6.550000000000001 1.0320737246235037 
6.65 0.9624870087962645 
6.75 0.9375069937033456 
6.8500000000000005 0.9251245615235802 
6.95 0.8892812503536384 
7.050000000000001 0.9002625134745573 
7.15 0.8980374028739643 
7.25 0.9276881886003576 
7.3500000000000005 0.9427055061781053 
7.45 0.9568032434277374 
7.550000000000001 0.978014554867664 
7.65 1.0056344123707845 
7.75 1.0244735112804266 
7.8500000000000005 1.0259812199652065 
7.95 1.0257010641062618 
8.05 1.026841399128023 
8.15 1.0096036480483277 
8.25 1.0234833349223436 
8.35 1.0511710090001984 
8.450000000000001 1.05090434430911 
8.55 1.0592555516808873 
8.65 1.0891698662133031 
8.75 1.0701994107486428 
8.85 1.0519561696888278 
8.950000000000001 1.0411774354947323 
9.05 1.030712988304675 
9.15 1.0067826585419204 
9.25 0.9881621474036074 
9.35 0.9708335947430895 
9.450000000000001 0.9575862498429403 
9.55 0.9509752331574948 
9.65 0.9511553824457809 
9.75 0.9645118682172216 
9.850000000000001 0.9732274072184902 
9.950000000000001 0.9743897834582671 
10.05 0.9812366103408574 
