0.05 0.0 
0.15000000000000002 0.0 
0.25 0.0 
0.35000000000000003 0.0 
0.45 0.0 
0.55 0.0 
0.65 0.0 
0.75 0.0 
0.8500000000000001 0.0 
0.9500000000000001 0.0 
1.05 0.0 
1.1500000000000001 0.0 
1.25 0.0 
1.35 0.0 
1.4500000000000002 0.0 
1.55 0.0 
1.6500000000000001 0.0 
1.75 0.0 
1.85 0.0 
1.9500000000000002 0.0 
2.0500000000000003 0.0 
2.15 0.0 
2.25 0.0 
2.35 0.0 
2.45 0.0008440811725789444 
2.5500000000000003 0.007330971128617517 
2.6500000000000004 0.037541944110006636 
2.75 0.14482730314461875 
2.85 0.6034292550344145 
2.95 1.4752178214815723 
3.0500000000000003 1.846995216359021 
3.1500000000000004 1.837293898248328 
3.25 1.895068698430193 
3.35 2.1699705322178655 
3.45 2.5175174269601728 
3.5500000000000003 2.663938461090799 
3.6500000000000004 2.4562081866592003 
3.75 2.02465613475626 
3.85 1.508513688769743 
3.95 0.9268764883676754 
4.05 0.6426130796156987 
4.15 0.5099810410288934 
4.25 0.5078774182147852 
4.3500000000000005 0.517541564363114 
4.45 0.5422697378760597 
4.55 0.5766508360760784 
4.65 0.6145532061537944 
4.75 0.6552602984922832 
4.8500000000000005 0.6627463972287839 
4.95 0.7032936518757702 
5.050000000000001 0.7677085395177402 
5.15 0.8757206164598121 
5.25 0.9173390550651465 
5.3500000000000005 0.9365712955721223 
5.45 0.9793061930081361 
5.550000000000001 1.0552687522677204 
5.65 1.1185830717140823 
5.75 1.1633509232126344 
5.8500000000000005 1.2049978879661105 
5.95 1.2389227834991874 
6.050000000000001 1.2443682944754844 
6.15 1.223166130655499 
6.25 1.2086525562858532 
6.3500000000000005 1.1955568065605522 
6.45 1.1217482478928096 
6.550000000000001 1.0269569085309855 
6.65 0.9542046915736827 
6.75 0.9045659992913435 
6.8500000000000005 0.8509456017685249 
6.95 0.8321539047924947 
7.050000000000001 0.8577742628813165 
7.15 0.8987899612384226 
7.25 0.931211418007835 
7.3500000000000005 0.9608521244922495 
7.45 0.9773935741317276 
7.550000000000001 0.979444560752423 
7.65 0.989784831898594 
7.75 0.9917894243287149 
7.8500000000000005 1.0197634786536502 
7.95 1.0437894661090212 
8.05 1.050320250970148 
8.15 1.0516015325748296 
8.25 1.0316764787303097 
8.35 1.0247163429555788 
8.450000000000001 1.0278554628944327 
8.55 1.033769203937513 
8.65 1.024831883413832 
8.75 1.0108731512387163 
8.85 1.0052296562352137 
8.950000000000001 0.989072543126278 
9.05 0.9797512628845182 
9.15 0.9541847387758502 
9.25 0.9489558142969968 
9.35 0.9564995304053163 
9.450000000000001 0.9613700183670357 
9.55 0.9608661800821985 
9.65 0.9580908552690309 
9.75 0.9815078903610299 
9.850000000000001 1.0124344870953985 
9.950000000000001 1.0239366877732134 
10.05 1.0256544728242576 
