0.05 0.0 
0.15000000000000002 0.0 
0.25 0.0 
0.35000000000000003 0.0 
0.45 0.0 
0.55 0.0 
0.65 0.0 
0.75 0.0 
0.8500000000000001 0.0 
0.9500000000000001 0.0 
1.05 0.0 
1.1500000000000001 0.0 
1.25 0.0 
1.35 0.0 
1.4500000000000002 0.0 
1.55 0.0 
1.6500000000000001 0.0 
1.75 0.0 
1.85 0.0 
1.9500000000000002 0.0 
2.0500000000000003 0.0 
2.15 0.0 
2.25 0.0 
2.35 0.0 
2.45 0.0 
2.5500000000000003 0.0018991566432867402 
2.6500000000000004 0.01591567171180197 
2.75 0.11573886150686534 
2.85 0.506862395717531 
2.95 1.2173101019418109 
3.0500000000000003 1.53734829408017 
3.1500000000000004 1.5842046800113423 
3.25 1.724900947103596 
3.35 2.033095138622216 
3.45 2.408897420613757 
3.5500000000000003 2.452082009716207 
3.6500000000000004 2.3689765742574025 
3.75 2.0461435729053408 
3.85 1.5669956083866075 
3.95 0.8351375606214602 
4.05 0.5255052972281512 
4.15 0.45687757364191856 
4.25 0.46173476638094035 
4.3500000000000005 0.47095079987884364 
4.45 0.5159655516972689 
4.55 0.6050273841316278 
4.65 0.6591770803963596 
4.75 0.7318680729045617 
4.8500000000000005 0.738119885394976 
4.95 0.7750936826052033 
5.050000000000001 0.8479444275402438 
5.15 0.8788126609983937 
5.25 0.9179441280074552 
5.3500000000000005 0.9427949144456071 
5.45 1.0023322489692914 
5.550000000000001 1.082316848246228 
5.65 1.1394559173931496 
5.75 1.1576987450661471 
5.8500000000000005 1.2055092675658692 
5.95 1.225685718778431 
6.050000000000001 1.2131403505714111 
6.15 1.2257834077473473 
6.25 1.2030896602489318 
6.3500000000000005 1.1849203733596112 
6.45 1.1296002048284592 
6.550000000000001 0.9856662530018677 
6.65 0.8767695798706105 
6.75 0.8524621828229392 
6.8500000000000005 0.8230303347876046 
6.95 0.8286565970764382 
7.050000000000001 0.8552946442079427 
7.15 0.8890328496784874 
7.25 0.8991787661797134 
7.3500000000000005 0.9277335151333418 
7.45 0.9704705658522568 
7.550000000000001 0.9903186710401984 
7.65 1.026247003482945 
7.75 1.0380321879320578 
7.8500000000000005 1.0765620690648512 
7.95 1.1064620689680615 
8.05 1.100293175757395 
8.15 1.1015895249219896 
8.25 1.0875026393965184 
8.35 1.0885757669394873 
8.450000000000001 1.0742233097032945 
8.55 1.0624942091191834 
8.65 1.0666261911186627 
8.75 1.028271906922607 
8.85 0.9920323142969576 
8.950000000000001 0.9743578237496097 
9.05 0.9779657534288718 
9.15 0.9661719419595975 
9.25 0.9441367178964799 
9.35 0.908561207881717 
9.450000000000001 0.9103799084005308 
9.55 0.9237099316435311 
9.65 0.933370230275194 
9.75 0.9682036266362231 
9.850000000000001 0.9941100112016471 
9.950000000000001 1.0237299935922484 
10.05 1.045215262569873 
