0.05 0.0 
0.15000000000000002 0.0 
0.25 0.0 
0.35000000000000003 0.0 
0.45 0.0 
0.55 0.0 
0.65 0.0 
0.75 0.0 
0.8500000000000001 0.0 
0.9500000000000001 0.0 
1.05 0.0 
1.1500000000000001 0.0 
1.25 0.0 
1.35 0.0 
1.4500000000000002 0.0 
1.55 0.0 
1.6500000000000001 0.0 
1.75 0.0 
1.85 0.0 
1.9500000000000002 0.0 
2.0500000000000003 0.0 
2.15 0.0 
2.25 0.0 
2.35 0.0 
2.45 0.0 
2.5500000000000003 0.0027633520590250277 
2.6500000000000004 0.023028808165363242 
2.75 0.0641538547436145 
2.85 0.34953852236804905 
2.95 1.0262259800756188 
3.0500000000000003 1.4912517009838209 
3.1500000000000004 1.5411475266883792 
3.25 1.7250798565156296 
3.35 2.0063257301897104 
3.45 2.3084003071644665 
3.5500000000000003 2.193022797061291 
3.6500000000000004 2.0515804598316323 
3.75 1.998576201051158 
3.85 1.4875477708573537 
3.95 0.9674624841727357 
4.05 0.6902090868338615 
4.15 0.6813467801923854 
4.25 0.6426978620010978 
4.3500000000000005 0.7037085082902861 
4.45 0.7668150795738702 
4.55 0.7274044902074137 
4.65 0.6407726526250492 
4.75 0.6881493699548467 
4.8500000000000005 0.8212622016713416 
4.95 0.8888934075629549 
5.050000000000001 0.8427649511332851 
5.15 0.9228290083032504 
5.25 0.8378063041840356 
5.3500000000000005 0.9361160011566682 
5.45 1.0037219705549139 
5.550000000000001 1.0326372432495774 
5.65 1.0121705295133931 
5.75 1.0457567239047938 
5.8500000000000005 1.112182051099666 
5.95 1.1669897744652904 
6.050000000000001 1.195993668736587 
6.15 1.1550409779730941 
6.25 1.145518958035922 
6.3500000000000005 1.0950172582960043 
6.45 1.0803333841648681 
6.550000000000001 1.0459230648972941 
6.65 0.9704095939378049 
6.75 0.8393215390527378 
6.8500000000000005 0.8038885004734172 
6.95 0.7612034730663784 
7.050000000000001 0.7755575223025631 
7.15 0.8390840961665105 
7.25 0.870115933915697 
7.3500000000000005 0.9640270879881135 
7.45 1.041607811701804 
7.550000000000001 1.0608574968122373 
7.65 1.079979588357584 
7.75 1.1136255122682377 
7.8500000000000005 1.093307902957467 
7.95 1.0972536357450586 
8.05 1.0904064131302185 
8.15 1.057589761666079 
8.25 1.0579822012684936 
8.35 1.0668159941753705 
8.450000000000001 1.087270222030805 
8.55 1.061740190882974 
8.65 1.0368530995910548 
8.75 1.0069518233317543 
8.85 0.9611505785216884 
8.950000000000001 0.9335108296468617 
9.05 0.9505152832415334 
9.15 0.9060268638481127 
9.25 0.9119569918266919 
9.35 0.9525787770011592 
9.450000000000001 0.9552648452613989 
9.55 0.9491572479112338 
9.65 0.9622014224021496 
9.75 0.9178007943844896 
9.850000000000001 0.9557531629688503 
9.950000000000001 0.9747577619150047 
10.05 0.9702240248048482 
