0.05 0.0 
0.15000000000000002 0.0 
0.25 0.0 
0.35000000000000003 0.0 
0.45 0.0 
0.55 0.0 
0.65 0.0 
0.75 0.0 
0.8500000000000001 0.0 
0.9500000000000001 0.0 
1.05 0.0 
1.1500000000000001 0.0 
1.25 0.0 
1.35 0.0 
1.4500000000000002 0.0 
1.55 0.0 
1.6500000000000001 0.0 
1.75 0.0 
1.85 0.0 
1.9500000000000002 0.0 
2.0500000000000003 0.0 
2.15 0.0 
2.25 0.0 
2.35 0.0004888121900018053 
2.45 0.12367545512441548 
2.5500000000000003 2.6489473352573247 
2.6500000000000004 6.763648724822103 
2.75 4.180102540473479 
2.85 1.124042184510945 
2.95 0.3820769624266441 
3.0500000000000003 0.3871332997646759 
3.1500000000000004 0.4398516094882993 
3.25 0.490390250771294 
3.35 0.5196072127945529 
3.45 0.5393696884975783 
3.5500000000000003 0.5710362783450087 
3.6500000000000004 0.5973223406788527 
3.75 0.6319327457909286 
3.85 0.6610347099687879 
3.95 0.6804763442734193 
4.05 0.7163632870935697 
4.15 0.743705972697887 
4.25 0.77952034843704 
4.3500000000000005 0.8348822370097571 
4.45 0.9079861269529906 
4.55 0.9800133502221721 
4.65 1.0794912479487864 
4.75 1.1991678476345031 
4.8500000000000005 1.3566314952821232 
4.95 1.5160201863886702 
5.050000000000001 1.6388378800767565 
5.15 1.6725841779428372 
5.25 1.5451865251651227 
5.3500000000000005 1.253379804692299 
5.45 0.9943869463845725 
5.550000000000001 0.8242485397928193 
5.65 0.7809248473590427 
5.75 0.7832869807109911 
5.8500000000000005 0.7979442493356796 
5.95 0.8108006633266515 
6.050000000000001 0.8273200549109461 
6.15 0.8312571723518526 
6.25 0.8348432944878988 
6.3500000000000005 0.8547997270756805 
6.45 0.8601909817748009 
6.550000000000001 0.8833582283804641 
6.65 0.9106346718469032 
6.75 0.9411137081228954 
6.8500000000000005 0.9764766418977557 
6.95 1.0363516458097253 
7.050000000000001 1.0708233470364834 
7.15 1.106178511987734 
7.25 1.1504378453291264 
7.3500000000000005 1.155346261826437 
7.45 1.1606809490093093 
7.550000000000001 1.1547201131833404 
7.65 1.1303265945476684 
7.75 1.0758585759773034 
7.8500000000000005 1.0199551401975457 
7.95 0.9709346402057555 
8.05 0.9211313922979723 
8.15 0.9102907849717026 
8.25 0.903774407395604 
8.35 0.9028187282971349 
8.450000000000001 0.9149141337517229 
8.55 0.9208324987598758 
8.65 0.934521344855691 
8.75 0.9498041301014554 
8.85 0.9626906894727614 
8.950000000000001 0.9829127362504255 
9.05 0.9924402706523384 
9.15 1.0179155215469906 
9.25 1.0270118290993024 
9.35 1.0355911465385563 
9.450000000000001 1.0440024942916302 
9.55 1.0655325088432792 
9.65 1.075194304935665 
9.75 1.081094563172284 
9.850000000000001 1.0682617062103925 
9.950000000000001 1.0497333258053474 
10.05 1.0424104903828328 
