0.05 0.0 
0.15000000000000002 0.0 
0.25 0.0 
0.35000000000000003 0.0 
0.45 0.0 
0.55 0.0 
0.65 0.0 
0.75 0.0 
0.8500000000000001 0.0 
0.9500000000000001 0.0 
1.05 0.0 
1.1500000000000001 0.0 
1.25 0.0 
1.35 0.0 
1.4500000000000002 0.0 
1.55 0.0 
1.6500000000000001 0.0 
1.75 0.0 
1.85 0.0 
1.9500000000000002 0.0 
2.0500000000000003 0.0 
2.15 0.0 
2.25 0.0 
2.35 0.0003386352986228691 
2.45 0.12098832592814972 
2.5500000000000003 2.465462386834537 
2.6500000000000004 6.30619564156608 
2.75 3.85967445291089 
2.85 1.0904528544736363 
2.95 0.5084599282325775 
3.0500000000000003 0.5466837845782991 
3.1500000000000004 0.6211797394657489 
3.25 0.6571681907627286 
3.35 0.6650143344389291 
3.45 0.658882279371606 
3.5500000000000003 0.6587522905032314 
3.6500000000000004 0.6485254348644026 
3.75 0.6640040096153615 
3.85 0.6760839425002968 
3.95 0.6813220526360243 
4.05 0.6990830353225348 
4.15 0.7287483887000167 
4.25 0.7713425591785489 
4.3500000000000005 0.8369292918254648 
4.45 0.9004354885733514 
4.55 0.9745860837094839 
4.65 1.0707945998249493 
4.75 1.184270584628551 
4.8500000000000005 1.3189256921154362 
4.95 1.4240590731193177 
5.050000000000001 1.5300225986788534 
5.15 1.5712119147174959 
5.25 1.4922850523287823 
5.3500000000000005 1.2750206940061386 
5.45 1.0486549932076574 
5.550000000000001 0.9087623868061834 
5.65 0.8498172981554059 
5.75 0.8340720779950342 
5.8500000000000005 0.8208310264500563 
5.95 0.813725914121305 
6.050000000000001 0.8191538619621358 
6.15 0.8256360002397606 
6.25 0.8449976663242996 
6.3500000000000005 0.8492485359318502 
6.45 0.8581373468631416 
6.550000000000001 0.8800727629983001 
6.65 0.9057850577632645 
6.75 0.9392270635205283 
6.8500000000000005 0.9779375864638452 
6.95 1.0231371431756926 
7.050000000000001 1.0590334850814749 
7.15 1.1003794746958475 
7.25 1.1331776325964615 
7.3500000000000005 1.1576478958082561 
7.45 1.1539645713935722 
7.550000000000001 1.1388238007376164 
7.65 1.120480718910071 
7.75 1.085555839162454 
7.8500000000000005 1.0403353867712768 
7.95 0.9913371505626997 
8.05 0.9588003125867676 
8.15 0.9330605196121717 
8.25 0.9216085831771735 
8.35 0.913640628668576 
8.450000000000001 0.9133763110158322 
8.55 0.9178428780627838 
8.65 0.9269354636576949 
8.75 0.9407959520776636 
8.85 0.9607193252652498 
8.950000000000001 0.9728248872314901 
9.05 0.9839342461999472 
9.15 1.0021935597872398 
9.25 1.0167621165979 
9.35 1.032939917967889 
9.450000000000001 1.043751920320105 
9.55 1.0597660231144403 
9.65 1.0703702645323607 
9.75 1.0737573148040842 
9.850000000000001 1.0638022200447703 
9.950000000000001 1.048049375973601 
10.05 1.0314482257313884 
