0.05 0.0 
0.15000000000000002 0.0 
0.25 0.0 
0.35000000000000003 0.0 
0.45 0.0 
0.55 0.0 
0.65 0.0 
0.75 0.0 
0.8500000000000001 0.0 
0.9500000000000001 0.0 
1.05 0.0 
1.1500000000000001 0.0 
1.25 0.0 
1.35 0.0 
1.4500000000000002 0.0 
1.55 0.0 
1.6500000000000001 0.0 
1.75 0.0 
1.85 0.0 
1.9500000000000002 0.0 
2.0500000000000003 0.0 
2.15 0.0 
2.25 0.0 
2.35 0.0005308281436664272 
2.45 0.09816547975852803 
2.5500000000000003 1.8542909936798182 
2.6500000000000004 4.035975813405947 
2.75 2.407706150602591 
2.85 1.2272764833261924 
2.95 1.310333855379924 
3.0500000000000003 1.491602548829664 
3.1500000000000004 1.4805463805344141 
3.25 1.346897881916125 
3.35 1.1715572098781895 
3.45 1.0249066580520791 
3.5500000000000003 0.892919811791099 
3.6500000000000004 0.803881386290691 
3.75 0.7293367738334556 
3.85 0.6813284466477135 
3.95 0.6393773015193469 
4.05 0.6053942342501927 
4.15 0.5879769762777038 
4.25 0.6290768675254106 
4.3500000000000005 0.7034178866674173 
4.45 0.8457274726479913 
4.55 0.989996168765473 
4.65 1.0563031905917344 
4.75 1.0536621571688807 
4.8500000000000005 1.0650460804877806 
4.95 1.0901746339923215 
5.050000000000001 1.1364096697995478 
5.15 1.1660332535997242 
5.25 1.2022056366298983 
5.3500000000000005 1.2277139237578232 
5.45 1.2215378005287825 
5.550000000000001 1.1932405670592865 
5.65 1.144855982204964 
5.75 1.0864940745763858 
5.8500000000000005 1.0295632701663786 
5.95 0.9807274277149539 
6.050000000000001 0.9615249191876376 
6.15 0.9369962854659466 
6.25 0.9107305084074262 
6.3500000000000005 0.8941486257961193 
6.45 0.8769277247358171 
6.550000000000001 0.8780104532003794 
6.65 0.8866098753313553 
6.75 0.9138586358895994 
6.8500000000000005 0.9445443942697669 
6.95 0.9928861355736694 
7.050000000000001 1.0148632518788043 
7.15 1.0250800581276607 
7.25 1.0176543517142684 
7.3500000000000005 1.0020735712714548 
7.45 1.0178065756830772 
7.550000000000001 1.014152160864613 
7.65 1.0254862415535315 
7.75 1.0296206708945963 
7.8500000000000005 1.0293908163542915 
7.95 1.0279033983584556 
8.05 1.0246636100409303 
8.15 1.0204189738953031 
8.25 1.0169249715177395 
8.35 1.015407190597723 
8.450000000000001 1.0131148154075775 
8.55 1.0065068875916687 
8.65 1.0022438630779038 
8.75 0.9920015925431549 
8.85 0.9835983141659873 
8.950000000000001 0.990108019614294 
9.05 1.0016519674046847 
9.15 0.9957532522676035 
9.25 0.9912219129890862 
9.35 0.9876505282636852 
9.450000000000001 0.9785137582718526 
9.55 0.984864636618444 
9.65 0.9982157973555585 
9.75 0.9977069914602168 
9.850000000000001 1.003590627035815 
9.950000000000001 0.997211291449551 
10.05 0.9980074451330411 
