0.05 0.0 
0.15000000000000002 0.0 
0.25 0.0 
0.35000000000000003 0.0 
0.45 0.0 
0.55 0.0 
0.65 0.0 
0.75 0.0 
0.8500000000000001 0.0 
0.9500000000000001 0.0 
1.05 0.0 
1.1500000000000001 0.0 
1.25 0.0 
1.35 0.0 
1.4500000000000002 0.0 
1.55 0.0 
1.6500000000000001 0.0 
1.75 0.0 
1.85 0.0 
1.9500000000000002 0.0 
2.0500000000000003 0.0 
2.15 0.0 
2.25 0.0 
2.35 0.0 
2.45 0.07083435451302712 
2.5500000000000003 1.2122520958361092 
2.6500000000000004 2.5085823213430927 
2.75 1.6121033571667267 
2.85 1.2266207823006101 
2.95 1.7103452533434944 
3.0500000000000003 2.0465960989634433 
3.1500000000000004 2.001403473470532 
3.25 1.812804600825322 
3.35 1.5813253034271249 
3.45 1.3039491866271662 
3.5500000000000003 1.0684772851346196 
3.6500000000000004 0.8920079139031756 
3.75 0.7515086653035387 
3.85 0.6643901550268778 
3.95 0.6045665425778544 
4.05 0.5839716987421487 
4.15 0.5933976423173681 
4.25 0.6198502359756775 
4.3500000000000005 0.7098044493483354 
4.45 0.9267231962780961 
4.55 1.1336676891131943 
4.65 1.1177127885126024 
4.75 0.9551578064046757 
4.8500000000000005 0.8550357137993817 
4.95 0.8359218760686116 
5.050000000000001 0.885249018033966 
5.15 0.9542849932692616 
5.25 1.0149246189075505 
5.3500000000000005 1.077795508607543 
5.45 1.142869083865242 
5.550000000000001 1.17606928163027 
5.65 1.1694000655881076 
5.75 1.1534898011840866 
5.8500000000000005 1.1293549119235877 
5.95 1.100171555150646 
6.050000000000001 1.088524894577834 
6.15 1.068777555514297 
6.25 1.0356489289988398 
6.3500000000000005 1.0074838141711262 
6.45 0.9621715540889236 
6.550000000000001 0.9378431903849613 
6.65 0.9314225760783337 
6.75 0.9362066334766428 
6.8500000000000005 0.9706591113192736 
6.95 1.002432731269905 
7.050000000000001 1.0261130507991079 
7.15 1.0078676926303474 
7.25 0.9932388994617516 
7.3500000000000005 0.9493963909573058 
7.45 0.9180436842045798 
7.550000000000001 0.9236477537044557 
7.65 0.9168156315935643 
7.75 0.9256317257854983 
7.8500000000000005 0.9529246171690723 
7.95 0.9614049791387109 
8.05 0.9756658121634242 
8.15 0.9871650801563662 
8.25 1.0142606261451286 
8.35 1.0296763540176013 
8.450000000000001 1.0461716769546232 
8.55 1.074455102924243 
8.65 1.0793478440234219 
8.75 1.074941073735016 
8.85 1.05217898414385 
8.950000000000001 1.0574678046599895 
9.05 1.0413904874943511 
9.15 1.0351599376800544 
9.25 1.01823349969632 
9.35 1.013008651507996 
9.450000000000001 1.0038117599961092 
9.55 0.9996337798873941 
9.65 1.001317787145608 
9.75 0.9876050348216795 
9.850000000000001 0.9729433981767103 
9.950000000000001 0.9529229822884674 
10.05 0.9547189948745497 
