0.05 0.0 
0.15000000000000002 0.0 
0.25 0.0 
0.35000000000000003 0.0 
0.45 0.0 
0.55 0.0 
0.65 0.0 
0.75 0.0 
0.8500000000000001 0.0 
0.9500000000000001 0.0 
1.05 0.0 
1.1500000000000001 0.0 
1.25 0.0 
1.35 0.0 
1.4500000000000002 0.0 
1.55 0.0 
1.6500000000000001 0.0 
1.75 0.0 
1.85 0.0 
1.9500000000000002 0.0 
2.0500000000000003 0.0 
2.15 0.0 
2.25 0.0 
2.35 0.00048277424914502985 
2.45 0.10955308793958161 
2.5500000000000003 2.209639369118834 
2.6500000000000004 5.145823452024233 
2.75 3.144806899658391 
2.85 1.178633453228069 
2.95 0.8965934914749469 
3.0500000000000003 0.9995037676759728 
3.1500000000000004 1.0307354856624507 
3.25 0.9962666539212156 
3.35 0.9299480703023089 
3.45 0.8355832447847333 
3.5500000000000003 0.7695277112754185 
3.6500000000000004 0.712800844701618 
3.75 0.6865217652917622 
3.85 0.682192711327279 
3.95 0.6756150809989515 
4.05 0.6864148202008407 
4.15 0.7070123206845098 
4.25 0.7269005747078148 
4.3500000000000005 0.792106704827941 
4.45 0.8675840308047617 
4.55 0.96022297052601 
4.65 1.0376684916140906 
4.75 1.1291317711247102 
4.8500000000000005 1.2146708075442878 
4.95 1.2842007036995495 
5.050000000000001 1.3465267279221056 
5.15 1.3635492674108853 
5.25 1.3342682750218564 
5.3500000000000005 1.2371743940642783 
5.45 1.1248319267160378 
5.550000000000001 1.0384882100241273 
5.65 0.9823890714463207 
5.75 0.9503498408186665 
5.8500000000000005 0.9264809002151277 
5.95 0.901552294940311 
6.050000000000001 0.8707812774105568 
6.15 0.848661757992888 
6.25 0.84227897947868 
6.3500000000000005 0.8426250683846643 
6.45 0.8515023423433378 
6.550000000000001 0.8658671650921054 
6.65 0.891890586415083 
6.75 0.925365903953485 
6.8500000000000005 0.972811314639755 
6.95 1.0178166184879984 
7.050000000000001 1.0456458837424276 
7.15 1.0703716033765511 
7.25 1.0803720728271218 
7.3500000000000005 1.0927866678380298 
7.45 1.1038410717306093 
7.550000000000001 1.1089844261726607 
7.65 1.0974868613153053 
7.75 1.0747673595169347 
7.8500000000000005 1.045764317620777 
7.95 1.0216326004926475 
8.05 0.997700277479948 
8.15 0.9781832843683071 
8.25 0.969420767472107 
8.35 0.9598841504019447 
8.450000000000001 0.9545671018550914 
8.55 0.9568536637438206 
8.65 0.9557159684554049 
8.75 0.9577704997817095 
8.85 0.9598041636619231 
8.950000000000001 0.9660933685042097 
9.05 0.9690666650450207 
9.15 0.9802596262351408 
9.25 0.9948875630684807 
9.35 1.008837528930627 
9.450000000000001 1.023229150219975 
9.55 1.0330213843175433 
9.65 1.0382345432379885 
9.75 1.038258600364802 
9.850000000000001 1.039467225769019 
9.950000000000001 1.029262541104915 
10.05 1.0226438981756591 
