0.05 0.0 
0.15000000000000002 0.0 
0.25 0.0 
0.35000000000000003 0.0 
0.45 0.0 
0.55 0.0 
0.65 0.0 
0.75 0.0 
0.8500000000000001 0.0 
0.9500000000000001 0.0 
1.05 0.0 
1.1500000000000001 0.0 
1.25 0.0 
1.35 0.0 
1.4500000000000002 0.0 
1.55 0.0 
1.6500000000000001 0.0 
1.75 0.0 
1.85 0.0 
1.9500000000000002 0.0 
2.0500000000000003 0.0 
2.15 0.0 
2.25 0.0 
2.35 0.00018812420767326825 
2.45 0.08861830527633416 
2.5500000000000003 1.543590172649515 
2.6500000000000004 3.381745221317339 
2.75 2.088082777580382 
2.85 1.1733377851978957 
2.95 1.474679365469018 
3.0500000000000003 1.7679127782021105 
3.1500000000000004 1.7617465531838192 
3.25 1.5562482768902386 
3.35 1.336506112172985 
3.45 1.1488576783086863 
3.5500000000000003 0.9731722481356267 
3.6500000000000004 0.8368213770301995 
3.75 0.755698197276175 
3.85 0.651973144699335 
3.95 0.6197810094746062 
4.05 0.5809389837234397 
4.15 0.5757834284539944 
4.25 0.612399042585732 
4.3500000000000005 0.6965832144593777 
4.45 0.879127918192259 
4.55 1.0457812589006623 
4.65 1.0476101781887661 
4.75 0.9934664873317142 
4.8500000000000005 0.9501839167347694 
4.95 0.9734998831063788 
5.050000000000001 1.014165383238369 
5.15 1.07267248177831 
5.25 1.114003055967914 
5.3500000000000005 1.200820522061141 
5.45 1.2489161862995897 
5.550000000000001 1.2472920381722368 
5.65 1.2160307925865768 
5.75 1.1510356982064245 
5.8500000000000005 1.0783504042928251 
5.95 1.015759363098991 
6.050000000000001 0.9798755587443716 
6.15 0.9515935357220261 
6.25 0.9397139839905081 
6.3500000000000005 0.9252960923709379 
6.45 0.9206045985533489 
6.550000000000001 0.9075558593248844 
6.65 0.9108000546325871 
6.75 0.9227823107327097 
6.8500000000000005 0.9650599057872156 
6.95 0.99722584818224 
7.050000000000001 1.0104043070969806 
7.15 1.0035178164795313 
7.25 0.9974742163416086 
7.3500000000000005 0.9844616049407007 
7.45 0.9698552758638669 
7.550000000000001 0.9723328987671636 
7.65 0.9725571397278441 
7.75 0.9703009599802396 
7.8500000000000005 0.9928998164314673 
7.95 0.998788842961796 
8.05 1.0106065723964481 
8.15 1.0285239837769455 
8.25 1.0363044247986484 
8.35 1.043404453477648 
8.450000000000001 1.0477554956468724 
8.55 1.0404751306558386 
8.65 1.0280973366721897 
8.75 1.0188874903703296 
8.85 1.0079053902027924 
8.950000000000001 1.0055496297828683 
9.05 1.0030132346096141 
9.15 1.0031145115250601 
9.25 0.9954963398689023 
9.35 1.0056704041046682 
9.450000000000001 0.9994971111294378 
9.55 0.9855677351192641 
9.65 0.9749326460791625 
9.75 0.9833681500233076 
9.850000000000001 0.9859606593094088 
9.950000000000001 0.9892793605639749 
10.05 0.9827040157234294 
