0.05 0.0 
0.15000000000000002 0.0 
0.25 0.0 
0.35000000000000003 0.0 
0.45 0.0 
0.55 0.0 
0.65 0.0 
0.75 0.0 
0.8500000000000001 0.0 
0.9500000000000001 0.0 
1.05 0.0 
1.1500000000000001 0.0 
1.25 0.0 
1.35 0.0 
1.4500000000000002 0.0 
1.55 0.0 
1.6500000000000001 0.0 
1.75 0.0 
1.85 0.0 
1.9500000000000002 0.0 
2.0500000000000003 0.0 
2.15 0.0 
2.25 0.0 
2.35 0.002591718283404422 
2.45 0.12966319006537647 
2.5500000000000003 2.403479616301645 
2.6500000000000004 5.595077023177048 
2.75 3.4993879236582885 
2.85 1.1564486795315512 
2.95 0.7269188139974757 
3.0500000000000003 0.7788694236162365 
3.1500000000000004 0.8285186525408568 
3.25 0.8050377364911733 
3.35 0.8060790419677335 
3.45 0.7613279353214235 
3.5500000000000003 0.7221976402841869 
3.6500000000000004 0.6996574940384308 
3.75 0.688498511029831 
3.85 0.6750201201409244 
3.95 0.683289545426565 
4.05 0.6838947047134776 
4.15 0.6995729224452164 
4.25 0.7545875635279556 
4.3500000000000005 0.8081743184263372 
4.45 0.8794399050779415 
4.55 0.9534445501526332 
4.65 1.053211352787249 
4.75 1.1734502081903067 
4.8500000000000005 1.2896333945581995 
4.95 1.375829668848686 
5.050000000000001 1.440937761709623 
5.15 1.4696224119270571 
5.25 1.408541464773556 
5.3500000000000005 1.2447143891176944 
5.45 1.0747788742079785 
5.550000000000001 0.9580926982062238 
5.65 0.903590089983946 
5.75 0.8740423229135345 
5.8500000000000005 0.8838687067205644 
5.95 0.8692446843680455 
6.050000000000001 0.8522455045614172 
6.15 0.8416611081385451 
6.25 0.8464469486519338 
6.3500000000000005 0.8473874595415826 
6.45 0.8469059182060302 
6.550000000000001 0.8643289518499662 
6.65 0.8918458062574195 
6.75 0.9305297892854616 
6.8500000000000005 0.9672210376111443 
6.95 1.0150701673281455 
7.050000000000001 1.0551369759123352 
7.15 1.0883914774406884 
7.25 1.121400835807815 
7.3500000000000005 1.1251370703925172 
7.45 1.128829930956033 
7.550000000000001 1.1246493806518352 
7.65 1.1068650280597827 
7.75 1.0716893404471102 
7.8500000000000005 1.03549427043016 
7.95 1.0121188278128443 
8.05 0.983102991993681 
8.15 0.9689154997544853 
8.25 0.9486905510871354 
8.35 0.9427438365372175 
8.450000000000001 0.929435528506558 
8.55 0.9306391643232601 
8.65 0.9345873929419676 
8.75 0.9459269630405471 
8.85 0.9555883509989194 
8.950000000000001 0.972061083749118 
9.05 0.9805580404243749 
9.15 0.9940707502812598 
9.25 1.0158563610355764 
9.35 1.032493654997933 
9.450000000000001 1.0395843920725734 
9.55 1.045733276869232 
9.65 1.0477208048502655 
9.75 1.0485867236780144 
9.850000000000001 1.0409202630979433 
9.950000000000001 1.0327768771407984 
10.05 1.02755836834266 
