0.05 0.0 
0.15000000000000002 0.0 
0.25 0.0 
0.35000000000000003 0.0 
0.45 0.0 
0.55 0.0 
0.65 0.0 
0.75 0.0 
0.8500000000000001 0.0 
0.9500000000000001 0.0 
1.05 0.0 
1.1500000000000001 0.0 
1.25 0.0 
1.35 0.0 
1.4500000000000002 0.0 
1.55 0.0 
1.6500000000000001 0.0 
1.75 0.0 
1.85 0.0 
1.9500000000000002 0.0 
2.0500000000000003 0.0 
2.15 0.0 
2.25 0.0 
2.35 0.00016228329500038503 
2.45 0.19171126654263118 
2.5500000000000003 3.10885983462918 
2.6500000000000004 6.748876005349179 
2.75 4.229332896853534 
2.85 1.3210142560659883 
2.95 0.41051284235355534 
3.0500000000000003 0.266783794148872 
3.1500000000000004 0.3196671826427751 
3.25 0.3937241615476676 
3.35 0.427673838168322 
3.45 0.4541463245332151 
3.5500000000000003 0.5023892508801026 
3.6500000000000004 0.5417088657381814 
3.75 0.5988662082454923 
3.85 0.6333470697434201 
3.95 0.6732064039349412 
4.05 0.702176172450914 
4.15 0.7356202514213347 
4.25 0.7926671393495094 
4.3500000000000005 0.844272424659844 
4.45 0.900720089939605 
4.55 0.9869028263882547 
4.65 1.0859353921551227 
4.75 1.211078395109991 
4.8500000000000005 1.3706567825121578 
4.95 1.5604153420045788 
5.050000000000001 1.6842400707077756 
5.15 1.7281530952761444 
5.25 1.5755353472787283 
5.3500000000000005 1.293723882944385 
5.45 1.007565512762242 
5.550000000000001 0.8236167508345212 
5.65 0.7529969627874877 
5.75 0.7325917041715873 
5.8500000000000005 0.7400278685975306 
5.95 0.7558968554764796 
6.050000000000001 0.7822466845087633 
6.15 0.8086061150550273 
6.25 0.8342224362844373 
6.3500000000000005 0.8613712092135202 
6.45 0.8849186893748651 
6.550000000000001 0.9096460957791047 
6.65 0.9348077655322986 
6.75 0.9708772825182076 
6.8500000000000005 1.000426930637537 
6.95 1.0210016604565717 
7.050000000000001 1.0732873067083135 
7.15 1.1173421880427086 
7.25 1.149656335666854 
7.3500000000000005 1.187309725551121 
7.45 1.188223345130935 
7.550000000000001 1.1692683642764055 
7.65 1.1210869522267624 
7.75 1.0802548337973543 
7.8500000000000005 1.0224788173278663 
7.95 0.9565280816573667 
8.05 0.902246287463302 
8.15 0.8811320168756911 
8.25 0.8747559017500316 
8.35 0.8757198477038496 
8.450000000000001 0.8847789942321012 
8.55 0.9056224790289039 
8.65 0.925271187228596 
8.75 0.945429255545807 
8.85 0.9701328595646852 
8.950000000000001 0.9941851000940451 
9.05 1.0103878283773136 
9.15 1.0235716549872014 
9.25 1.033825696028125 
9.35 1.050791351913879 
9.450000000000001 1.068868761263366 
9.55 1.0785031060169032 
9.65 1.0918708964322024 
9.75 1.085165177010483 
9.850000000000001 1.069313059744417 
9.950000000000001 1.0611368411666906 
10.05 1.0332295093328658 
