0.05 0.0 
0.15000000000000002 0.0 
0.25 0.0 
0.35000000000000003 0.0 
0.45 0.0 
0.55 0.0 
0.65 0.0 
0.75 0.0 
0.8500000000000001 0.0 
0.9500000000000001 0.0 
1.05 0.0 
1.1500000000000001 0.0 
1.25 0.0 
1.35 0.0 
1.4500000000000002 0.0 
1.55 0.0 
1.6500000000000001 0.0 
1.75 0.0 
1.85 0.0 
1.9500000000000002 0.0 
2.0500000000000003 0.0 
2.15 0.0 
2.25 0.0 
2.35 0.0 
2.45 0.10409840726284167 
2.5500000000000003 2.0682743398666954 
2.6500000000000004 4.5934848737689835 
2.75 2.776994116050591 
2.85 1.1907605289292698 
2.95 1.077065673001023 
3.0500000000000003 1.2411487001559307 
3.1500000000000004 1.2800199103569558 
3.25 1.1803818326908815 
3.35 1.086341265922203 
3.45 0.9493479805399055 
3.5500000000000003 0.839006513070183 
3.6500000000000004 0.757520098659687 
3.75 0.6856145356444444 
3.85 0.6488193415590651 
3.95 0.6201082360436521 
4.05 0.6162540574180901 
4.15 0.638865659827012 
4.25 0.6842117576912768 
4.3500000000000005 0.7389215112225017 
4.45 0.8612698375274914 
4.55 0.9883327409632723 
4.65 1.0715060320799084 
4.75 1.113155057637636 
4.8500000000000005 1.1454352011140607 
4.95 1.206382155107847 
5.050000000000001 1.2490134963631556 
5.15 1.288586640814549 
5.25 1.2661745783437792 
5.3500000000000005 1.2038345419383913 
5.45 1.1589596415548347 
5.550000000000001 1.1062880858303927 
5.65 1.0786572182270846 
5.75 1.0270420197517938 
5.8500000000000005 0.9797190646553813 
5.95 0.9397605871579174 
6.050000000000001 0.9093355264368216 
6.15 0.8784936508418217 
6.25 0.8519265234203709 
6.3500000000000005 0.8427095004201224 
6.45 0.8482660438396997 
6.550000000000001 0.8714808965794416 
6.65 0.907417830728629 
6.75 0.9283558904299212 
6.8500000000000005 0.9682199726822186 
6.95 1.0039671069364424 
7.050000000000001 1.0394221208584256 
7.15 1.0573216886274865 
7.25 1.0584621133408463 
7.3500000000000005 1.0638321308593284 
7.45 1.0545064595907192 
7.550000000000001 1.0475172650043574 
7.65 1.0529862559402738 
7.75 1.043817949328471 
7.8500000000000005 1.0293745712405902 
7.95 1.0382560281292863 
8.05 1.0267759450896954 
8.15 1.025304261141301 
8.25 1.0114053987667357 
8.35 0.9935203575916962 
8.450000000000001 0.9746452643619893 
8.55 0.9561839805048582 
8.65 0.9567558386234203 
8.75 0.965189812859714 
8.85 0.9771155161522245 
8.950000000000001 0.9743980410675429 
9.05 0.9885148289891381 
9.15 0.9870019506833834 
9.25 1.002438280014883 
9.35 1.0042277266926305 
9.450000000000001 1.007343532109704 
9.55 1.0142287984162932 
9.65 1.0176557910317632 
9.75 1.0219615231235883 
9.850000000000001 1.0147781639920412 
9.950000000000001 1.011224566534257 
10.05 1.0146514766389263 
