0.05 0.0 
0.15000000000000002 0.0 
0.25 0.0 
0.35000000000000003 0.0 
0.45 0.0 
0.55 0.0 
0.65 0.0 
0.75 0.0 
0.8500000000000001 0.0 
0.9500000000000001 0.0 
1.05 0.0 
1.1500000000000001 0.0 
1.25 0.0 
1.35 0.0 
1.4500000000000002 0.0 
1.55 1.5230929797127675 
1.6500000000000001 24.655769915993975 
1.75 0.6821231089446166 
1.85 0.004913521067672487 
1.9500000000000002 0.0021009845269869044 
2.0500000000000003 0.0010007799792292322 
2.15 0.0009094356581533371 
2.25 0.0009971108620835127 
2.35 0.00118138807883713 
2.45 0.0030823336519060626 
2.5500000000000003 0.005335040861001245 
2.6500000000000004 0.008894882622106488 
2.75 0.01746315912329465 
2.85 0.03624730419404109 
2.95 0.06227668775939664 
3.0500000000000003 0.1157063989817126 
3.1500000000000004 0.2154628907451468 
3.25 0.3644309405256563 
3.35 0.5363318642334483 
3.45 0.7620465317038042 
3.5500000000000003 0.992794256245405 
3.6500000000000004 1.223631839567576 
3.75 1.4216706969940447 
3.85 1.5740267773809309 
3.95 1.7308145557997399 
4.05 1.927112261198274 
4.15 2.1023150951368588 
4.25 2.1398307545714212 
4.3500000000000005 1.6642452843986373 
4.45 1.0271873619302534 
4.55 0.7604336160985964 
4.65 0.7194238167516772 
4.75 0.7101852692723724 
4.8500000000000005 0.6931030000072163 
4.95 0.6914930448569914 
5.050000000000001 0.7060336423413132 
5.15 0.7236536134643332 
5.25 0.7526136645269454 
5.3500000000000005 0.785291198617569 
5.45 0.8282723154458564 
5.550000000000001 0.8822524044119189 
5.65 0.9435870296167135 
5.75 0.9967390675435118 
5.8500000000000005 1.0496911704733827 
5.95 1.1031333566203179 
6.050000000000001 1.1479330156333778 
6.15 1.1674376187532236 
6.25 1.175302769737793 
6.3500000000000005 1.1863707188280046 
6.45 1.2033069808784695 
6.550000000000001 1.1977207306470414 
6.65 1.1456571495605685 
6.75 1.0784233733319322 
6.8500000000000005 1.016328773997335 
6.95 0.9306633808695517 
7.050000000000001 0.870355227083737 
7.15 0.8230473571682404 
7.25 0.8195795696767191 
7.3500000000000005 0.8278813925659403 
7.45 0.8401578026103866 
7.550000000000001 0.8615774201725661 
7.65 0.8880581945400214 
7.75 0.924002912187609 
7.8500000000000005 0.9514697060668806 
7.95 0.9789456888034097 
8.05 1.0183787579070385 
8.15 1.053887587525669 
8.25 1.079454547078179 
8.35 1.0941185587547992 
8.450000000000001 1.102418929142158 
8.55 1.112524633370888 
8.65 1.1196222526368957 
8.75 1.1086863042469794 
8.85 1.0904954467329302 
8.950000000000001 1.067075588140792 
9.05 1.0420335992362177 
9.15 1.0212874411339812 
9.25 0.9898056793296323 
9.35 0.9593085951559069 
9.450000000000001 0.9331658696637207 
9.55 0.9191643197277424 
9.65 0.9158473338883685 
9.75 0.9143224907132363 
9.850000000000001 0.9229594044172051 
9.950000000000001 0.9360467950773121 
10.05 0.9525000114570844 
