0.05 0.0 
0.15000000000000002 0.0 
0.25 0.0 
0.35000000000000003 0.0 
0.45 0.0 
0.55 0.0 
0.65 0.0 
0.75 0.0 
0.8500000000000001 0.0 
0.9500000000000001 0.0 
1.05 0.0 
1.1500000000000001 0.0 
1.25 0.0 
1.35 0.0 
1.4500000000000002 0.0 
1.55 1.9685391519086821 
1.6500000000000001 23.510864275659998 
1.75 0.7197521387276671 
1.85 0.0002967954872513118 
1.9500000000000002 0.0 
2.0500000000000003 0.0 
2.15 0.0 
2.25 0.0 
2.35 0.00018375909472207768 
2.45 0.0008035049294134502 
2.5500000000000003 0.004448738871389169 
2.6500000000000004 0.012613585155309623 
2.75 0.03171355161745637 
2.85 0.06633694170293497 
2.95 0.12780270733991936 
3.0500000000000003 0.20607696966100034 
3.1500000000000004 0.3222998353829722 
3.25 0.4742794412395163 
3.35 0.6647493442017516 
3.45 0.8886664606275535 
3.5500000000000003 1.1072353053746748 
3.6500000000000004 1.2513153295147212 
3.75 1.3739733780796581 
3.85 1.481968152488954 
3.95 1.6118616598975415 
4.05 1.7447009315358155 
4.15 1.89416797370121 
4.25 1.930006243250071 
4.3500000000000005 1.5925005505206813 
4.45 1.1389549098315994 
4.55 0.9200498217735464 
4.65 0.8411741658115163 
4.75 0.7947593806925527 
4.8500000000000005 0.7431926949394579 
4.95 0.7066993486851145 
5.050000000000001 0.6896698497313577 
5.15 0.6986692348442687 
5.25 0.7260022238637782 
5.3500000000000005 0.7782843072681477 
5.45 0.839962802666498 
5.550000000000001 0.9087965063742977 
5.65 0.9794116534137862 
5.75 1.027282716654653 
5.8500000000000005 1.043188349253094 
5.95 1.0590521054075148 
6.050000000000001 1.067390919392712 
6.15 1.0876757085934683 
6.25 1.1021842650694709 
6.3500000000000005 1.1138260013380221 
6.45 1.1220344687901247 
6.550000000000001 1.1039340623654008 
6.65 1.0783775257733093 
6.75 1.0492091550144962 
6.8500000000000005 1.025805920409995 
6.95 0.9872873676168619 
7.050000000000001 0.9455294548459506 
7.15 0.9311057770524446 
7.25 0.9217951123030823 
7.3500000000000005 0.9198484208250771 
7.45 0.9047321297269175 
7.550000000000001 0.9033889453365316 
7.65 0.9160883872819875 
7.75 0.9324529128778593 
7.8500000000000005 0.9621289630431314 
7.95 0.9976832210993927 
8.05 1.020795041435245 
8.15 1.0349033045078813 
8.25 1.0517866869637291 
8.35 1.059992322376558 
8.450000000000001 1.061305574667717 
8.55 1.0585668040754375 
8.65 1.067782853587554 
8.75 1.0751855319472374 
8.85 1.0648665096507668 
8.950000000000001 1.04180869228433 
9.05 1.0231305289853672 
9.15 1.0073634522133663 
9.25 0.9909463114086422 
9.35 0.9678361593064931 
9.450000000000001 0.9645894909706765 
9.55 0.9582735032738589 
9.65 0.9559759042419606 
9.75 0.950827173180598 
9.850000000000001 0.9499755371510991 
9.950000000000001 0.9545164886958813 
10.05 0.9612013392416904 
