0.05 0.0 
0.15000000000000002 0.0 
0.25 0.0 
0.35000000000000003 0.0 
0.45 0.0 
0.55 0.0 
0.65 0.0 
0.75 0.0 
0.8500000000000001 0.0 
0.9500000000000001 0.0 
1.05 0.0 
1.1500000000000001 0.0 
1.25 0.0 
1.35 0.0 
1.4500000000000002 0.017529655617333353 
1.55 1.7761947474512758 
1.6500000000000001 23.976261770600523 
1.75 0.6925708564207537 
1.85 0.0012831986031937416 
1.9500000000000002 0.0 
2.0500000000000003 0.0015643425788924809 
2.15 0.0009501405663157708 
2.25 0.0008675740391573221 
2.35 0.0015906396686541642 
2.45 0.0010953003842217757 
2.5500000000000003 0.0032021369642851122 
2.6500000000000004 0.006096277625625621 
2.75 0.013500058411166296 
2.85 0.035926984439756816 
2.95 0.0872435850574179 
3.0500000000000003 0.16716643086383368 
3.1500000000000004 0.28081202448652065 
3.25 0.4443027525621285 
3.35 0.63247839189692 
3.45 0.8550937016021999 
3.5500000000000003 1.0623252741022273 
3.6500000000000004 1.2424680145421598 
3.75 1.392273629302528 
3.85 1.5351013421952893 
3.95 1.6859826238932218 
4.05 1.848421378797396 
4.15 2.001006940494607 
4.25 2.026027959488801 
4.3500000000000005 1.6214873892351334 
4.45 1.09920675551734 
4.55 0.8536562199753014 
4.65 0.7736007804356418 
4.75 0.7424081721067587 
4.8500000000000005 0.724169062238031 
4.95 0.7065380298393853 
5.050000000000001 0.6971300255687837 
5.15 0.710103572663178 
5.25 0.7153018318079346 
5.3500000000000005 0.7661805041355906 
5.45 0.837962031318245 
5.550000000000001 0.9041493497142383 
5.65 0.9606695026466464 
5.75 1.0043737156760408 
5.8500000000000005 1.0495243333241717 
5.95 1.0878825375296577 
6.050000000000001 1.1046530729998463 
6.15 1.1193959513220109 
6.25 1.1313583400271283 
6.3500000000000005 1.1488627844383754 
6.45 1.1463317951530334 
6.550000000000001 1.1300037007836317 
6.65 1.098649117118738 
6.75 1.0709265699689452 
6.8500000000000005 1.0262754843908641 
6.95 0.9733735719254919 
7.050000000000001 0.9121850966931798 
7.15 0.8788359565245676 
7.25 0.8800935264490138 
7.3500000000000005 0.8794643044470593 
7.45 0.8898290021165233 
7.550000000000001 0.8979349567794027 
7.65 0.8979959594414076 
7.75 0.9218003789851541 
7.8500000000000005 0.9494041665510087 
7.95 0.9742138561907417 
8.05 1.0182319078237243 
8.15 1.047452679559404 
8.25 1.0673184879603554 
8.35 1.0722288938911924 
8.450000000000001 1.0800655061720563 
8.55 1.0992281594646558 
8.65 1.0966345267060735 
8.75 1.0845578824844568 
8.85 1.0606911620226924 
8.950000000000001 1.0492573620496743 
9.05 1.0212819344641533 
9.15 1.0029307513729018 
9.25 0.9879260095515241 
9.35 0.974061254431147 
9.450000000000001 0.958740562384772 
9.55 0.9529975575702653 
9.65 0.9360119759760264 
9.75 0.9454515248925444 
9.850000000000001 0.9484566418038983 
9.950000000000001 0.9566681045104014 
10.05 0.9602354935816555 
