0.05 0.0 
0.15000000000000002 0.0 
0.25 0.0 
0.35000000000000003 0.0 
0.45 0.0 
0.55 0.0 
0.65 0.0 
0.75 0.0 
0.8500000000000001 0.0 
0.9500000000000001 0.0 
1.05 0.0 
1.1500000000000001 0.0 
1.25 0.0 
1.35 0.0 
1.4500000000000002 0.0 
1.55 2.130316586945802 
1.6500000000000001 23.311457804412253 
1.75 0.7130118749094252 
1.85 0.0012309281171240074 
1.9500000000000002 0.00036931439564310734 
2.0500000000000003 0.0016708474442061279 
2.15 0.000911437041302348 
2.25 0.0011096450965866623 
2.35 0.00381461429175123 
2.45 0.004679486123584512 
2.5500000000000003 0.00604759421425218 
2.6500000000000004 0.01539955142763001 
2.75 0.039185901306951855 
2.85 0.07781061815467925 
2.95 0.16009828557079872 
3.0500000000000003 0.26421659602306535 
3.1500000000000004 0.40553437465685904 
3.25 0.55143417398333 
3.35 0.6894639083419005 
3.45 0.8718041208255016 
3.5500000000000003 1.0876283555830526 
3.6500000000000004 1.1787681155915042 
3.75 1.317598216130964 
3.85 1.4190921016463882 
3.95 1.4928162039704236 
4.05 1.590929191371959 
4.15 1.7314656083953042 
4.25 1.8176671123635073 
4.3500000000000005 1.532717129184253 
4.45 1.231819664622407 
4.55 1.0526890915718918 
4.65 0.934951985832669 
4.75 0.848564940954317 
4.8500000000000005 0.7902288732215592 
4.95 0.7336881373640355 
5.050000000000001 0.7244167759201177 
5.15 0.7186945861246766 
5.25 0.7431997324529438 
5.3500000000000005 0.8098476339526307 
5.45 0.8704392169192751 
5.550000000000001 0.9427758059993657 
5.65 0.9965113506850919 
5.75 1.0330562878568172 
5.8500000000000005 1.039453154203703 
5.95 1.0536478508814866 
6.050000000000001 1.0615470948489656 
6.15 1.0587612630628975 
6.25 1.0446776676237302 
6.3500000000000005 1.051779861254587 
6.45 1.056659854398261 
6.550000000000001 1.0530600721324583 
6.65 1.0619021500158707 
6.75 1.0625789831062553 
6.8500000000000005 1.0542625773869732 
6.95 1.0298424053592166 
7.050000000000001 1.0096801458064268 
7.15 0.969024169534321 
7.25 0.9353957727762804 
7.3500000000000005 0.926028582024533 
7.45 0.9268707851678145 
7.550000000000001 0.9365348973961661 
7.65 0.9550287055041767 
7.75 0.9605694445855666 
7.8500000000000005 0.9655652857082703 
7.95 0.9782524602038016 
8.05 1.0139879215721423 
8.15 1.0271101125007054 
8.25 1.0301597765783872 
8.35 1.0329710580561724 
8.450000000000001 1.0404368049077322 
8.55 1.033476886035199 
8.65 1.0312519850628137 
8.75 1.0153556386371254 
8.85 1.0148132620691437 
8.950000000000001 1.007728816639628 
9.05 1.017531908556458 
9.15 1.0125586168940868 
9.25 1.0152441657804316 
9.35 1.0051961820262 
9.450000000000001 1.0002355127913367 
9.55 0.9929971486695077 
9.65 0.9940327838066989 
9.75 0.9880943007328163 
9.850000000000001 0.9848256917586324 
9.950000000000001 0.9765225330304679 
10.05 0.9870299268112649 
