0.05 0.0 
0.15000000000000002 0.0 
0.25 0.0 
0.35000000000000003 0.0 
0.45 0.0 
0.55 0.0 
0.65 0.0 
0.75 0.0 
0.8500000000000001 0.0 
0.9500000000000001 0.0 
1.05 0.0 
1.1500000000000001 0.0 
1.25 0.0 
1.35 0.0 
1.4500000000000002 0.0 
1.55 2.391524078539693 
1.6500000000000001 25.520024852212295 
1.75 0.3599813523337737 
1.85 0.0 
1.9500000000000002 0.0 
2.0500000000000003 0.0 
2.15 0.0 
2.25 0.0 
2.35 0.0 
2.45 0.003896421246720113 
2.5500000000000003 0.006679864585886952 
2.6500000000000004 0.021886427188675443 
2.75 0.03799666947173026 
2.85 0.07692502622774645 
2.95 0.1332306597841001 
3.0500000000000003 0.25861531243522096 
3.1500000000000004 0.35897148007368657 
3.25 0.5093135288825724 
3.35 0.6770627480584587 
3.45 0.8144031677465225 
3.5500000000000003 0.949465566803682 
3.6500000000000004 1.0539098789724763 
3.75 1.1298546349407652 
3.85 1.2703060502813253 
3.95 1.3061756036233565 
4.05 1.341071909366636 
4.15 1.330190748585558 
4.25 1.4351992537824678 
4.3500000000000005 1.5070071746656084 
4.45 1.474126144142059 
4.55 1.439904157819631 
4.65 1.2976627282011208 
4.75 1.1271942987553545 
4.8500000000000005 1.0270693178086463 
4.95 0.8923024248467409 
5.050000000000001 0.8054277466598766 
5.15 0.7602169060607775 
5.25 0.7704494307180726 
5.3500000000000005 0.836247945696174 
5.45 0.9252055592250393 
5.550000000000001 1.0116061148966993 
5.65 1.1044491143070923 
5.75 1.133780859761452 
5.8500000000000005 1.086563546396027 
5.95 1.009478225696298 
6.050000000000001 0.9421485441911222 
6.15 0.8943546258578928 
6.25 0.8744337228814666 
6.3500000000000005 0.8418061678875919 
6.45 0.8424126332610321 
6.550000000000001 0.8677476766882964 
6.65 0.9082665375682069 
6.75 0.9440410151468317 
6.8500000000000005 1.001282868658315 
6.95 1.0193043666429653 
7.050000000000001 1.0694564066950554 
7.15 1.0572688755662982 
7.25 1.068483014236053 
7.3500000000000005 1.0955861843872912 
7.45 1.1006898443834303 
7.550000000000001 1.0971679310028493 
7.65 1.0816332413249192 
7.75 1.0688665062320566 
7.8500000000000005 1.0420791931310422 
7.95 1.0224260197126547 
8.05 1.0202837744125093 
8.15 1.0007830413700505 
8.25 0.98663547924364 
8.35 0.9563396170732809 
8.450000000000001 0.9440408645007766 
8.55 0.9388634572814577 
8.65 0.9348775751746903 
8.75 0.9492896573095949 
8.85 0.9594447954707385 
8.950000000000001 0.9586075768496363 
9.05 0.9523504874994024 
9.15 0.9596270170962123 
9.25 0.9733197084291614 
9.35 0.9892298925266505 
9.450000000000001 0.9996870955560831 
9.55 1.0186149062596859 
9.65 1.0300883806080698 
9.75 1.0233033755080476 
9.850000000000001 1.0612854446297972 
9.950000000000001 1.071484357675843 
10.05 1.06350134704394 
