0.05 0.0 
0.15000000000000002 0.0 
0.25 0.0 
0.35000000000000003 0.0 
0.45 0.0 
0.55 0.0 
0.65 0.0 
0.75 0.0 
0.8500000000000001 0.0 
0.9500000000000001 0.0 
1.05 0.0 
1.1500000000000001 0.0 
1.25 0.0 
1.35 0.0 
1.4500000000000002 0.0 
1.55 2.242252520450144 
1.6500000000000001 24.728155402535645 
1.75 0.433181072404991 
1.85 0.0 
1.9500000000000002 0.0 
2.0500000000000003 0.0 
2.15 0.0 
2.25 0.0008883931345112998 
2.35 0.0004072025260478778 
2.45 0.0003746444118052929 
2.5500000000000003 0.0038042442041387333 
2.6500000000000004 0.013129624115858855 
2.75 0.03300817056342353 
2.85 0.07863135918252706 
2.95 0.16099565180659162 
3.0500000000000003 0.2661708272350871 
3.1500000000000004 0.3948228579852337 
3.25 0.513556270310866 
3.35 0.6805460804591289 
3.45 0.8228700981672095 
3.5500000000000003 0.9518736524510854 
3.6500000000000004 1.078191092974462 
3.75 1.1505192247564895 
3.85 1.2173140500923936 
3.95 1.288496573643807 
4.05 1.3534454572369483 
4.15 1.3998751225642507 
4.25 1.4236787695980198 
4.3500000000000005 1.4562001309710524 
4.45 1.4156819744602789 
4.55 1.3311097855592164 
4.65 1.271043107257825 
4.75 1.111333416389156 
4.8500000000000005 0.9869080902927977 
4.95 0.8530789333609613 
5.050000000000001 0.7874402189739966 
5.15 0.7747109682797465 
5.25 0.816225669412299 
5.3500000000000005 0.8623747615736722 
5.45 0.9485355352462713 
5.550000000000001 0.993300433214671 
5.65 1.0640614437969198 
5.75 1.0913843827351972 
5.8500000000000005 1.062146719923879 
5.95 1.0451683837021244 
6.050000000000001 1.0318566521273802 
6.15 0.9702691666727763 
6.25 0.914769442528138 
6.3500000000000005 0.8932689418340284 
6.45 0.9165491679594776 
6.550000000000001 0.9679880447701419 
6.65 0.9967172992983178 
6.75 1.0206168917355876 
6.8500000000000005 1.0447673342090003 
6.95 1.0693502514870017 
7.050000000000001 1.0647964278181747 
7.15 1.024002230935205 
7.25 1.0232911165001415 
7.3500000000000005 1.0111651518814362 
7.45 0.9861474311845662 
7.550000000000001 0.9897501363262107 
7.65 0.9860263863024916 
7.75 0.9985652475626128 
7.8500000000000005 0.9886885482219859 
7.95 0.9921206818331295 
8.05 1.0032690019912638 
8.15 1.0041277732617475 
8.25 0.9997267326802457 
8.35 0.9956343159361779 
8.450000000000001 0.9973447171371485 
8.55 0.9735363865797928 
8.65 0.9740321429932685 
8.75 0.9431713762823115 
8.85 0.9495445607551296 
8.950000000000001 0.957897928693024 
9.05 0.9608741152934649 
9.15 0.967897723509085 
9.25 0.9846198959718843 
9.35 0.982786285387144 
9.450000000000001 0.9981870989549182 
9.55 1.0194876834116144 
9.65 1.0361935042641692 
9.75 1.0378311769213526 
9.850000000000001 1.0508028573205126 
9.950000000000001 1.0497108178059076 
10.05 1.0511706165053618 
