0.05 0.0 
0.15000000000000002 0.0 
0.25 0.0 
0.35000000000000003 0.0 
0.45 0.0 
0.55 0.0 
0.65 0.0 
0.75 0.0 
0.8500000000000001 0.0 
0.9500000000000001 0.0 
1.05 0.0 
1.1500000000000001 0.0 
1.25 0.0 
1.35 0.0 
1.4500000000000002 0.0 
1.55 1.3154679270603677 
1.6500000000000001 25.434755845506416 
1.75 0.626545385182894 
1.85 0.00027741586225984457 
1.9500000000000002 0.0 
2.0500000000000003 0.0 
2.15 0.0 
2.25 0.0 
2.35 0.0 
2.45 0.00015819327625811244 
2.5500000000000003 0.001606338798538939 
2.6500000000000004 0.0060848476859699605 
2.75 0.010547426886484046 
2.85 0.02291407211571959 
2.95 0.058705276411713185 
3.0500000000000003 0.10994047277409788 
3.1500000000000004 0.18700251962272124 
3.25 0.3013585407046275 
3.35 0.46497147832552094 
3.45 0.6950719296533119 
3.5500000000000003 0.9516963563954174 
3.6500000000000004 1.178329392727285 
3.75 1.4060949554969897 
3.85 1.6358235236743404 
3.95 1.7939771456295388 
4.05 1.9491837736718476 
4.15 2.1140506118321247 
4.25 2.171364004306611 
4.3500000000000005 1.6704419981773049 
4.45 1.0273116094203532 
4.55 0.7159119876141044 
4.65 0.6640196058096628 
4.75 0.6605157746872097 
4.8500000000000005 0.6738915209448834 
4.95 0.6843792336784812 
5.050000000000001 0.6980217837130358 
5.15 0.7230248443246957 
5.25 0.7487355488624294 
5.3500000000000005 0.7902851019672474 
5.45 0.8475884255681989 
5.550000000000001 0.9115700009762607 
5.65 0.9524437083383304 
5.75 0.9970133389216462 
5.8500000000000005 1.0690846444119215 
5.95 1.110975486850607 
6.050000000000001 1.1412329750050354 
6.15 1.1666159940777328 
6.25 1.2104436677138746 
6.3500000000000005 1.2391778088623107 
6.45 1.237393193650223 
6.550000000000001 1.188720913233259 
6.65 1.149932263230721 
6.75 1.0769279307970747 
6.8500000000000005 0.9942062858306968 
6.95 0.9111647132720736 
7.050000000000001 0.8509732784131373 
7.15 0.8203333740812705 
7.25 0.7968300660234349 
7.3500000000000005 0.8043187059052583 
7.45 0.828145743929954 
7.550000000000001 0.8520193191246209 
7.65 0.8808120799947258 
7.75 0.9188177938520404 
7.8500000000000005 0.943671479530942 
7.95 0.9758721035951027 
8.05 1.004330240056904 
8.15 1.0268886506205777 
8.25 1.057120335846378 
8.35 1.0811911677082002 
8.450000000000001 1.0980608715262117 
8.55 1.123242684165532 
8.65 1.1226165588345045 
8.75 1.1237969351300436 
8.85 1.1134702813319897 
8.950000000000001 1.0842104772985615 
9.05 1.0698327477006442 
9.15 1.0362881960278614 
9.25 1.0058453637884024 
9.35 0.976080640308384 
9.450000000000001 0.9491623382902437 
9.55 0.9302635253367724 
9.65 0.921128711598314 
9.75 0.9199332847384261 
9.850000000000001 0.9201819722285265 
9.950000000000001 0.9279951857211538 
10.05 0.9360971770590766 
