0.05 0.0 
0.15000000000000002 0.0 
0.25 0.0 
0.35000000000000003 0.0 
0.45 0.0 
0.55 0.0 
0.65 0.0 
0.75 0.0 
0.8500000000000001 0.0 
0.9500000000000001 0.0 
1.05 0.0 
1.1500000000000001 0.0 
1.25 0.0 
1.35 0.0 
1.4500000000000002 0.0 
1.55 2.35274706191202 
1.6500000000000001 23.634455374068196 
1.75 0.5786397288629255 
1.85 0.0 
1.9500000000000002 0.0 
2.0500000000000003 0.0 
2.15 0.0 
2.25 0.0016879408902377266 
2.35 0.0027852552698177436 
2.45 0.004555659677549998 
2.5500000000000003 0.007885132380126432 
2.6500000000000004 0.018740069325569545 
2.75 0.04610421959482648 
2.85 0.07827668305004938 
2.95 0.15378001319098278 
3.0500000000000003 0.27633315996099983 
3.1500000000000004 0.40531072525857686 
3.25 0.5548687286764045 
3.35 0.730738738014659 
3.45 0.9089894933450642 
3.5500000000000003 1.0656021286333845 
3.6500000000000004 1.1703100195314995 
3.75 1.2148377440933749 
3.85 1.3009600773034702 
3.95 1.34613174212294 
4.05 1.4179274928824632 
4.15 1.5251898060066724 
4.25 1.633113305752897 
4.3500000000000005 1.4340595949274686 
4.45 1.275733280503855 
4.55 1.1825444284771864 
4.65 1.0919157175304737 
4.75 0.9477150975184389 
4.8500000000000005 0.8599894992837909 
4.95 0.8157586176111645 
5.050000000000001 0.7760645676614092 
5.15 0.7624600616659424 
5.25 0.7777836475100783 
5.3500000000000005 0.8394526134364727 
5.45 0.9531994470667421 
5.550000000000001 1.0136067328069274 
5.65 1.0509730158182586 
5.75 1.0548541800419338 
5.8500000000000005 1.0736410175315039 
5.95 1.031434930811558 
6.050000000000001 1.0125172994529135 
6.15 1.0146563607986436 
6.25 1.015441099376454 
6.3500000000000005 1.0000314849911172 
6.45 1.0094460215253407 
6.550000000000001 1.0225251103711905 
6.65 1.038309401797523 
6.75 1.0476518729955833 
6.8500000000000005 1.0466118198587964 
6.95 1.0341565961135983 
7.050000000000001 1.0102547309727854 
7.15 0.9870086054149233 
7.25 0.9618551065324963 
7.3500000000000005 0.9581671294404384 
7.45 0.9479235180314074 
7.550000000000001 0.9370132292736982 
7.65 0.965191731921299 
7.75 0.9684194539250058 
7.8500000000000005 0.9825709082628827 
7.95 0.9857829401116183 
8.05 1.013248420371199 
8.15 1.0322579262390839 
8.25 1.0374214330447828 
8.35 1.01563948070916 
8.450000000000001 0.9957888808537574 
8.55 0.9856559771654346 
8.65 0.9747175930054954 
8.75 0.9753826363525837 
8.85 0.9797844952114003 
8.950000000000001 0.986926697328775 
9.05 1.0063716271859124 
9.15 1.0117302108459938 
9.25 1.0080927998412494 
9.35 1.0039876662821474 
9.450000000000001 0.9893214034986119 
9.55 1.0085752623892228 
9.65 1.0145428989272176 
9.75 1.0266897180018106 
9.850000000000001 1.0261918844289504 
9.950000000000001 1.0183241969089427 
10.05 1.0150326730312338 
