0.05 0.0 
0.15000000000000002 0.0 
0.25 0.0 
0.35000000000000003 0.0 
0.45 0.0 
0.55 0.0 
0.65 0.0 
0.75 0.0 
0.8500000000000001 0.0 
0.9500000000000001 0.0 
1.05 0.0 
1.1500000000000001 0.0 
1.25 0.0 
1.35 0.0 
1.4500000000000002 0.0 
1.55 1.0504728878251695 
1.6500000000000001 25.947554907392213 
1.75 0.6735309396599526 
1.85 0.001046811949778889 
1.9500000000000002 0.0 
2.0500000000000003 0.0 
2.15 0.0 
2.25 0.00017693809618547044 
2.35 0.0 
2.45 0.0008953991163988777 
2.5500000000000003 0.0008265575646511437 
2.6500000000000004 0.0014031602511452423 
2.75 0.0033166730308331607 
2.85 0.01544015409716954 
2.95 0.036542697693425594 
3.0500000000000003 0.08098699468897137 
3.1500000000000004 0.1634100880992176 
3.25 0.2913289382906853 
3.35 0.458831015346521 
3.45 0.7032700190366677 
3.5500000000000003 0.9761268103750035 
3.6500000000000004 1.2641622718007788 
3.75 1.4702344192728467 
3.85 1.64664055229157 
3.95 1.8114488730544072 
4.05 1.9455574439874657 
4.15 2.0755601636065077 
4.25 2.0967848118910912 
4.3500000000000005 1.6665853822895755 
4.45 1.0409199103088271 
4.55 0.7237419081578367 
4.65 0.6025860755556878 
4.75 0.607420250270565 
4.8500000000000005 0.625667650282121 
4.95 0.6569501862227934 
5.050000000000001 0.6877829860857524 
5.15 0.7228084891912179 
5.25 0.7466635306959505 
5.3500000000000005 0.7824253714576722 
5.45 0.8419577763069752 
5.550000000000001 0.9128139880963457 
5.65 0.9747189934476567 
5.75 1.041828617269604 
5.8500000000000005 1.1072223896951354 
5.95 1.1560532472405782 
6.050000000000001 1.176038625672727 
6.15 1.1938865839782529 
6.25 1.2083709694986509 
6.3500000000000005 1.2318225922696515 
6.45 1.2342139762848978 
6.550000000000001 1.2042712422986195 
6.65 1.166542812273477 
6.75 1.0844549636356247 
6.8500000000000005 1.0022751282738027 
6.95 0.9116741327906301 
7.050000000000001 0.8270895895982502 
7.15 0.7879940940107122 
7.25 0.775371798913427 
7.3500000000000005 0.7745494801225525 
7.45 0.8129894070374937 
7.550000000000001 0.8480972491036425 
7.65 0.8815169026257547 
7.75 0.9127763473683392 
7.8500000000000005 0.9511662107598525 
7.95 0.9823157792166601 
8.05 1.0199147087614902 
8.15 1.0464550187911468 
8.25 1.0810780590851552 
8.35 1.096020243891693 
8.450000000000001 1.0988147682567333 
8.55 1.1057384030052182 
8.65 1.114528527562068 
8.75 1.1151530945815733 
8.85 1.098764876676524 
8.950000000000001 1.08943646312026 
9.05 1.062135670995666 
9.15 1.0303470319291466 
9.25 0.9985150911385297 
9.35 0.9688369624312295 
9.450000000000001 0.9462240704614383 
9.55 0.9157457067610318 
9.65 0.9093524860682876 
9.75 0.9098318215527681 
9.850000000000001 0.9202800163977537 
9.950000000000001 0.9235206157704594 
10.05 0.9583825440047522 
