0.05 0.0 
0.15000000000000002 0.0 
0.25 0.0 
0.35000000000000003 0.0 
0.45 0.0 
0.55 0.0 
0.65 0.0 
0.75 0.0 
0.8500000000000001 0.0 
0.9500000000000001 0.0 
1.05 0.0 
1.1500000000000001 0.0 
1.25 0.0 
1.35 0.0 
1.4500000000000002 0.0 
1.55 0.0 
1.6500000000000001 0.0 
1.75 0.0 
1.85 0.0 
1.9500000000000002 0.0 
2.0500000000000003 0.0 
2.15 0.0 
2.25 0.0 
2.35 0.0 
2.45 0.0 
2.5500000000000003 0.0 
2.6500000000000004 0.0 
2.75 0.06393535527346496 
2.85 0.15874087934946443 
2.95 0.05093075872176728 
3.0500000000000003 0.27721355999616304 
3.1500000000000004 0.3573536070474549 
3.25 0.3509618581735891 
3.35 0.06462844718539883 
3.45 0.05416571310202255 
3.5500000000000003 0.1151039310622788 
3.6500000000000004 0.1542518425671352 
3.75 0.30946287983868853 
3.85 0.6334073873755643 
3.95 0.9529762068578036 
4.05 1.117769780998931 
4.15 1.2493874181612898 
4.25 1.369757076411883 
4.3500000000000005 1.3373192070419977 
4.45 1.3185900252880938 
4.55 1.292411705316997 
4.65 1.2094700863772991 
4.75 1.3733972021693652 
4.8500000000000005 1.5657427554149486 
4.95 1.6873115161712084 
5.050000000000001 1.4441833257042624 
5.15 1.3385077280250983 
5.25 1.0847889332415723 
5.3500000000000005 1.051655437223636 
5.45 1.219628546018286 
5.550000000000001 1.4455650527776442 
5.65 1.4554394838864126 
5.75 1.2407212495847249 
5.8500000000000005 1.1103565615719369 
5.95 0.8935082782197319 
6.050000000000001 0.9126557023096165 
6.15 1.047289611472407 
6.25 0.9779397873644382 
6.3500000000000005 0.820464527264465 
6.45 0.7526030399990467 
6.550000000000001 0.8575369058247478 
6.65 0.9112165593546119 
6.75 0.9967391231811621 
6.8500000000000005 1.0932327305771914 
6.95 1.0728449092225187 
7.050000000000001 1.001277645013929 
7.15 0.9017371028456417 
7.25 0.8226022658217729 
7.3500000000000005 0.8205109583669655 
7.45 0.6556042528341106 
7.550000000000001 0.6129032483828011 
7.65 0.6155758058383645 
7.75 0.6480981380652129 
7.8500000000000005 0.8128286820763985 
7.95 0.8760317107601828 
8.05 0.9632236785140385 
8.15 0.9876585151470408 
8.25 1.1314114005407732 
8.35 1.2333585570766186 
8.450000000000001 1.3798550103768061 
8.55 1.331229805959262 
8.65 1.2839327509961755 
8.75 1.2610696061093885 
8.85 1.175623124756702 
8.950000000000001 1.1067388874581532 
9.05 1.122760540154223 
9.15 1.050222487671038 
9.25 1.0799146613873545 
9.35 1.0961186487609471 
9.450000000000001 1.0554450564528348 
9.55 1.0334574214183687 
9.65 0.9952734085192595 
9.75 0.9190080536320426 
9.850000000000001 0.8535101948338181 
9.950000000000001 0.8063205647671511 
10.05 0.866557114349497 
