0.05 0.0 
0.15000000000000002 0.0 
0.25 0.0 
0.35000000000000003 0.0 
0.45 0.0 
0.55 0.0 
0.65 0.0 
0.75 0.0 
0.8500000000000001 0.0 
0.9500000000000001 0.0 
1.05 0.0 
1.1500000000000001 0.0 
1.25 0.0 
1.35 0.0 
1.4500000000000002 0.0 
1.55 0.0 
1.6500000000000001 0.0 
1.75 0.0 
1.85 0.0 
1.9500000000000002 0.0 
2.0500000000000003 0.0 
2.15 0.0 
2.25 0.0 
2.35 0.0 
2.45 0.0 
2.5500000000000003 0.0 
2.6500000000000004 0.0 
2.75 0.0 
2.85 0.09138017038099087 
2.95 0.38380721504524606 
3.0500000000000003 0.9259822226644621 
3.1500000000000004 1.1378182617283241 
3.25 0.834023328989156 
3.35 0.1723121789397794 
3.45 0.04595069423364601 
3.5500000000000003 0.0991966927016134 
3.6500000000000004 0.16421308892504335 
3.75 0.3403145009950372 
3.85 0.7182130116936835 
3.95 0.8951406850830886 
4.05 1.0372625210713047 
4.15 1.1704830575894896 
4.25 1.337748413696706 
4.3500000000000005 1.3492132246949702 
4.45 1.2606519429176861 
4.55 1.196414369145682 
4.65 1.1744197617259546 
4.75 1.1021172137418975 
4.8500000000000005 1.1667561610418808 
4.95 1.273158252453674 
5.050000000000001 1.3840884566853475 
5.15 1.2616296906704052 
5.25 1.2182790635301075 
5.3500000000000005 1.2728032315754392 
5.45 1.3666049693282438 
5.550000000000001 1.3831223251399472 
5.65 1.3731477234115104 
5.75 1.356525273403033 
5.8500000000000005 1.317395387378674 
5.95 1.1868583719318238 
6.050000000000001 1.0572227014311772 
6.15 0.9714750174772653 
6.25 0.9681411832852791 
6.3500000000000005 0.9175425008892837 
6.45 0.9705434645431323 
6.550000000000001 1.0039687605689178 
6.65 0.9982966323123704 
6.75 0.9667934485209752 
6.8500000000000005 1.0432655150385273 
6.95 0.9847466343120147 
7.050000000000001 0.9888439542155072 
7.15 0.8776967165348992 
7.25 0.8484488285206098 
7.3500000000000005 0.8331126688327746 
7.45 0.7658477949410367 
7.550000000000001 0.7227348034983536 
7.65 0.7022945891422403 
7.75 0.7174616944277451 
7.8500000000000005 0.7585778430330996 
7.95 0.8688073841862844 
8.05 0.930554739169569 
8.15 0.9640308332864449 
8.25 0.973233874623799 
8.35 1.0582090818852703 
8.450000000000001 1.0877536031644537 
8.55 1.0939898671964354 
8.65 1.110352749170768 
8.75 1.12594126424303 
8.85 1.0761982443085885 
8.950000000000001 1.083498628302133 
9.05 1.0997556107353652 
9.15 1.0872816215040844 
9.25 1.0577359037290501 
9.35 1.0855074045944548 
9.450000000000001 1.0884671921316158 
9.55 1.0289515570082985 
9.65 1.014239701623129 
9.75 1.0005283004670524 
9.850000000000001 0.9831350384984359 
9.950000000000001 0.9577509606361637 
10.05 0.9662496827371545 
