0.05 0.0 
0.15000000000000002 0.0 
0.25 0.0 
0.35000000000000003 0.0 
0.45 0.0 
0.55 0.0 
0.65 0.0 
0.75 0.0 
0.8500000000000001 0.0 
0.9500000000000001 0.0 
1.05 0.0 
1.1500000000000001 0.0 
1.25 0.0 
1.35 0.0 
1.4500000000000002 0.0 
1.55 0.0 
1.6500000000000001 0.0 
1.75 0.0 
1.85 0.0 
1.9500000000000002 0.0 
2.0500000000000003 0.0 
2.15 0.0 
2.25 0.0 
2.35 0.0 
2.45 0.0 
2.5500000000000003 0.0 
2.6500000000000004 0.0007606950249053828 
2.75 0.007725929356898495 
2.85 0.26680668859732376 
2.95 1.3717176457890607 
3.0500000000000003 2.884862038407441 
3.1500000000000004 4.332644945639748 
3.25 4.403742017193443 
3.35 0.6347579619708732 
3.45 0.0089654131607228 
3.5500000000000003 0.029233490578408336 
3.6500000000000004 0.06730712895183316 
3.75 0.1484348257299567 
3.85 0.2532120266109929 
3.95 0.4691198912818285 
4.05 0.6535950040052705 
4.15 0.8839107209253576 
4.25 1.010563168608397 
4.3500000000000005 1.1477940495206285 
4.45 1.1871433944031209 
4.55 1.2427585356250777 
4.65 1.289001249093085 
4.75 1.2948988625557418 
4.8500000000000005 1.2745029874700258 
4.95 1.346174840234435 
5.050000000000001 1.3677768150047314 
5.15 1.346566984295046 
5.25 1.2801896441231304 
5.3500000000000005 1.1918950876449592 
5.45 1.1509681683975108 
5.550000000000001 1.1076510045164127 
5.65 1.0584244328844217 
5.75 1.033490030211692 
5.8500000000000005 1.009908789763828 
5.95 0.9094343307682177 
6.050000000000001 0.7900917351401037 
6.15 0.6536204168449491 
6.25 0.6525223357515727 
6.3500000000000005 0.6547576678111583 
6.45 0.7166542473791666 
6.550000000000001 0.7647299638556931 
6.65 0.7845558649325894 
6.75 0.8628566550611488 
6.8500000000000005 0.9172684150959916 
6.95 0.9687461029621649 
7.050000000000001 1.0350238515652501 
7.15 1.084723816576273 
7.25 1.1351093192307442 
7.3500000000000005 1.1572695694058073 
7.45 1.2014000501347202 
7.550000000000001 1.1711452649370968 
7.65 1.153219533758147 
7.75 1.1272816488519852 
7.8500000000000005 1.1080308786780138 
7.95 1.073149647991344 
8.05 1.0370158680381416 
8.15 1.0093161265060808 
8.25 0.9846765620921207 
8.35 0.9550750632331924 
8.450000000000001 0.9522468032319402 
8.55 0.942721162003318 
8.65 0.9513626506982333 
8.75 0.9409807221175578 
8.85 0.9156801698391227 
8.950000000000001 0.8924587627616186 
9.05 0.901442930092826 
9.15 0.9759755030958935 
9.25 1.0065712583216149 
9.35 1.0200230285236505 
9.450000000000001 1.0293903500590482 
9.55 1.0422743589424857 
9.65 1.0438976900357517 
9.75 1.0380220772558482 
9.850000000000001 1.0240238456398019 
9.950000000000001 1.0283822076990505 
10.05 1.0379749349706016 
