0.05 0.0 
0.15000000000000002 0.0 
0.25 0.0 
0.35000000000000003 0.0 
0.45 0.0 
0.55 0.0 
0.65 0.0 
0.75 0.0 
0.8500000000000001 0.0 
0.9500000000000001 0.0 
1.05 0.0 
1.1500000000000001 0.0 
1.25 0.0 
1.35 0.0 
1.4500000000000002 0.0 
1.55 0.0 
1.6500000000000001 0.0 
1.75 0.0 
1.85 0.0 
1.9500000000000002 0.0 
2.0500000000000003 0.0 
2.15 0.0 
2.25 0.0 
2.35 0.0 
2.45 0.0 
2.5500000000000003 0.0 
2.6500000000000004 0.000404133557265334 
2.75 0.022041083278152275 
2.85 0.22600594332129925 
2.95 1.1153188599535904 
3.0500000000000003 2.865408072871613 
3.1500000000000004 4.757649810511377 
3.25 4.919590625242669 
3.35 0.5671460961624826 
3.45 0.011778304860269097 
3.5500000000000003 0.014956245916545473 
3.6500000000000004 0.029577081630935118 
3.75 0.0760519976926467 
3.85 0.17183734341865717 
3.95 0.30933096341524313 
4.05 0.5007677925535254 
4.15 0.6590434432175933 
4.25 0.8243650758695202 
4.3500000000000005 0.9598814493767993 
4.45 1.0933534450576006 
4.55 1.188716109747721 
4.65 1.284511142295476 
4.75 1.345624278576322 
4.8500000000000005 1.375260911340151 
4.95 1.398572739449668 
5.050000000000001 1.4864832567655517 
5.15 1.515450184479024 
5.25 1.4332974284012123 
5.3500000000000005 1.3281016708480229 
5.45 1.2489463305176731 
5.550000000000001 1.1879049287101444 
5.65 1.1078916598906308 
5.75 1.0628983093786717 
5.8500000000000005 1.0129749043985947 
5.95 0.915721442657363 
6.050000000000001 0.7264325133965734 
6.15 0.6440886943352393 
6.25 0.6227208651275169 
6.3500000000000005 0.6381732501224339 
6.45 0.6558331595213522 
6.550000000000001 0.6857586180687048 
6.65 0.7409768907533529 
6.75 0.8059550770882628 
6.8500000000000005 0.8743834760264418 
6.95 0.9509400256631562 
7.050000000000001 1.0298109783944842 
7.15 1.0775343635185077 
7.25 1.1377918116104873 
7.3500000000000005 1.1901786266026289 
7.45 1.223910227942456 
7.550000000000001 1.2078719496576469 
7.65 1.2054578694346862 
7.75 1.1957210217575498 
7.8500000000000005 1.1507730672218055 
7.95 1.1261229586799455 
8.05 1.0944111641561722 
8.15 1.0221921673515708 
8.25 0.9462526103452276 
8.35 0.9017685442280013 
8.450000000000001 0.8837090116129502 
8.55 0.8783223095903387 
8.65 0.8795748116733427 
8.75 0.9032829647376933 
8.85 0.9206050683376187 
8.950000000000001 0.9333461759690865 
9.05 0.9472180622148652 
9.15 0.9663293358729215 
9.25 0.9809426359798499 
9.35 1.0109966072270662 
9.450000000000001 1.0489546655073112 
9.55 1.050810802770825 
9.65 1.068199748810648 
9.75 1.0640763634298356 
9.850000000000001 1.0643331241407592 
9.950000000000001 1.0406097492307171 
10.05 1.0359131556778467 
