0.05 0.0 
0.15000000000000002 0.0 
0.25 0.0 
0.35000000000000003 0.0 
0.45 0.0 
0.55 0.0 
0.65 0.0 
0.75 0.0 
0.8500000000000001 0.0 
0.9500000000000001 0.0 
1.05 0.0 
1.1500000000000001 0.0 
1.25 0.0 
1.35 0.0 
1.4500000000000002 0.0 
1.55 0.0 
1.6500000000000001 0.0 
1.75 0.0 
1.85 0.0 
1.9500000000000002 0.0 
2.0500000000000003 0.0 
2.15 0.0 
2.25 0.0 
2.35 0.0 
2.45 0.0 
2.5500000000000003 0.0 
2.6500000000000004 0.0 
2.75 0.032368387252417335 
2.85 0.3460559044475218 
2.95 1.2066215232717585 
3.0500000000000003 2.518028899852537 
3.1500000000000004 3.3764461180775798 
3.25 3.1766725708756822 
3.35 0.5257649355544043 
3.45 0.043970296950487785 
3.5500000000000003 0.09377323910480623 
3.6500000000000004 0.1723424708514132 
3.75 0.35115907794219026 
3.85 0.5267834989497356 
3.95 0.6730375554929632 
4.05 0.7807100590368509 
4.15 0.9498890263113665 
4.25 1.0987301382660788 
4.3500000000000005 1.1621077372719306 
4.45 1.2230059084949327 
4.55 1.1967519275217022 
4.65 1.270372868702083 
4.75 1.2324140478442318 
4.8500000000000005 1.1742234164708283 
4.95 1.1458648078257907 
5.050000000000001 1.2200979241422536 
5.15 1.1696759077165888 
5.25 1.1129854589247754 
5.3500000000000005 1.175288325346668 
5.45 1.2257744756556017 
5.550000000000001 1.205570329761885 
5.65 1.1407965855520237 
5.75 1.063930280464129 
5.8500000000000005 1.0039414987094277 
5.95 0.9246980785642637 
6.050000000000001 0.8441055449167363 
6.15 0.8244672244408069 
6.25 0.7652316634724544 
6.3500000000000005 0.7442510974571566 
6.45 0.8142866896212566 
6.550000000000001 0.8663511464834351 
6.65 0.8683619135472702 
6.75 0.9143405334112488 
6.8500000000000005 0.9740151233203328 
6.95 1.022211645236098 
7.050000000000001 1.0713773821745465 
7.15 1.1330989978638422 
7.25 1.115387199772092 
7.3500000000000005 1.0558660990588151 
7.45 1.0293844145911797 
7.550000000000001 1.0313232647935846 
7.65 1.05372545244012 
7.75 1.0016906795814409 
7.8500000000000005 0.9952375116516439 
7.95 0.9754333987638731 
8.05 0.9830050748047513 
8.15 1.0080877655164275 
8.25 1.0311767451174767 
8.35 1.0282987005273987 
8.450000000000001 1.032360894224841 
8.55 1.0368766535755873 
8.65 1.0213904034905674 
8.75 1.0030294077582231 
8.85 0.9804903803378567 
8.950000000000001 0.9784099207396247 
9.05 0.9607208926819055 
9.15 1.021508792390737 
9.25 1.04532074756672 
9.35 0.9997125798313724 
9.450000000000001 1.0451212182564185 
9.55 1.0245519415499666 
9.65 1.0339776676431212 
9.75 1.0082591129837155 
9.850000000000001 0.9920673347266006 
9.950000000000001 0.9995124418903414 
10.05 1.012901894348808 
