0.05 0.0 
0.15000000000000002 0.0 
0.25 0.0 
0.35000000000000003 0.0 
0.45 0.0 
0.55 0.0 
0.65 0.0 
0.75 0.0 
0.8500000000000001 0.0 
0.9500000000000001 0.0 
1.05 0.0 
1.1500000000000001 0.0 
1.25 0.0 
1.35 0.0 
1.4500000000000002 0.0 
1.55 0.0 
1.6500000000000001 0.0 
1.75 0.0 
1.85 0.0 
1.9500000000000002 0.0 
2.0500000000000003 0.0 
2.15 0.0 
2.25 0.0 
2.35 0.0 
2.45 0.0 
2.5500000000000003 0.0 
2.6500000000000004 0.0 
2.75 0.009011409636183335 
2.85 0.17972666144853436 
2.95 0.8787269690240478 
3.0500000000000003 2.7530367089051264 
3.1500000000000004 5.101329314410896 
3.25 5.379062185940765 
3.35 0.7689996349332837 
3.45 0.00813668570710695 
3.5500000000000003 0.015654155341075185 
3.6500000000000004 0.03365499200798615 
3.75 0.08136821422107378 
3.85 0.13188730679645042 
3.95 0.237714418559833 
4.05 0.39319677706896317 
4.15 0.5596323765608812 
4.25 0.7292176109560301 
4.3500000000000005 0.9104735200670624 
4.45 1.0366635307039695 
4.55 1.1083794075655762 
4.65 1.1285744137992073 
4.75 1.1648642167418903 
4.8500000000000005 1.257620199180591 
4.95 1.3769944146309256 
5.050000000000001 1.4519824007803137 
5.15 1.4356357596467026 
5.25 1.425065263961621 
5.3500000000000005 1.4509943098930487 
5.45 1.3847109316926858 
5.550000000000001 1.2446610580341368 
5.65 1.172114625353501 
5.75 1.125191314199379 
5.8500000000000005 1.0635740325379797 
5.95 0.9214317399796977 
6.050000000000001 0.8168406450932341 
6.15 0.7145262494215635 
6.25 0.6621838252658041 
6.3500000000000005 0.65127791774648 
6.45 0.6678850718187089 
6.550000000000001 0.689703834174992 
6.65 0.7536389884028394 
6.75 0.8371295980648824 
6.8500000000000005 0.8640101001849941 
6.95 0.9245802708142777 
7.050000000000001 0.9904842320109754 
7.15 1.0376303147634947 
7.25 1.1035181834811263 
7.3500000000000005 1.1588869798654828 
7.45 1.2012108297627038 
7.550000000000001 1.1815584124334104 
7.65 1.1424729500298745 
7.75 1.147580950649654 
7.8500000000000005 1.1177730931702468 
7.95 1.0984004076330314 
8.05 1.0450426454164834 
8.15 1.0011394705276917 
8.25 0.98223445220753 
8.35 0.9552990768245306 
8.450000000000001 0.9270451102715714 
8.55 0.8912075631760052 
8.65 0.8927742236939875 
8.75 0.8975508003107759 
8.85 0.9258379016131215 
8.950000000000001 0.9401944052795348 
9.05 0.9572414084213781 
9.15 0.9575126584524277 
9.25 0.9868535004661915 
9.35 1.0178042081220493 
9.450000000000001 1.0410046607285248 
9.55 1.0689543408658517 
9.65 1.0463755446929952 
9.75 1.0672844019590222 
9.850000000000001 1.0722329632390162 
9.950000000000001 1.0749201073795527 
10.05 1.0761165090510318 
