0.05 0.0 
0.15000000000000002 0.0 
0.25 0.0 
0.35000000000000003 0.0 
0.45 0.0 
0.55 0.0 
0.65 0.0 
0.75 0.0 
0.8500000000000001 0.0 
0.9500000000000001 0.0 
1.05 0.0 
1.1500000000000001 0.0 
1.25 0.0 
1.35 0.0 
1.4500000000000002 0.0 
1.55 0.0 
1.6500000000000001 0.0 
1.75 0.0 
1.85 0.0 
1.9500000000000002 0.0 
2.0500000000000003 0.0 
2.15 0.0 
2.25 0.0 
2.35 0.0 
2.45 0.0 
2.5500000000000003 0.0 
2.6500000000000004 0.0015441041796778188 
2.75 0.028507269072799032 
2.85 0.27380274398709237 
2.95 1.2514740478172832 
3.0500000000000003 2.8049517748248913 
3.1500000000000004 4.164016920043441 
3.25 3.8486845448016336 
3.35 0.5210852836264032 
3.45 0.028824760823614543 
3.5500000000000003 0.07112560901523282 
3.6500000000000004 0.15371316578986596 
3.75 0.24881150107803499 
3.85 0.38755237842954726 
3.95 0.5253448701983725 
4.05 0.7480010101617817 
4.15 0.9442280240883913 
4.25 1.0353290271442206 
4.3500000000000005 1.0853952747561428 
4.45 1.164798605724649 
4.55 1.2526995278283597 
4.65 1.3228038955674597 
4.75 1.340038016400254 
4.8500000000000005 1.3162842553830514 
4.95 1.2542791297420706 
5.050000000000001 1.2354468649921042 
5.15 1.2216496958414076 
5.25 1.175668066945841 
5.3500000000000005 1.1233497277906663 
5.45 1.0711836251768045 
5.550000000000001 1.1052997965606506 
5.65 1.1000894375525028 
5.75 1.0488009163400238 
5.8500000000000005 0.9670697786317465 
5.95 0.8607950962173678 
6.050000000000001 0.7449432067332901 
6.15 0.7005757825941692 
6.25 0.7101508529695225 
6.3500000000000005 0.7365570111630206 
6.45 0.7914613801979353 
6.550000000000001 0.8037322121227201 
6.65 0.8334424555819264 
6.75 0.8959282694238098 
6.8500000000000005 0.9608406579599629 
6.95 1.0168821413056681 
7.050000000000001 1.0671606949561139 
7.15 1.0913679064632877 
7.25 1.128021479827256 
7.3500000000000005 1.1335099690463666 
7.45 1.1287986392298535 
7.550000000000001 1.1153427767231383 
7.65 1.1163248756162427 
7.75 1.1073141659607244 
7.8500000000000005 1.0789728842583568 
7.95 1.0681028903272372 
8.05 1.060078512457706 
8.15 1.0161393236192486 
8.25 0.9870444003288782 
8.35 0.9673808847461829 
8.450000000000001 0.9644879069778236 
8.55 0.9568984439111838 
8.65 0.9529530546083584 
8.75 0.9386629820419294 
8.85 0.925869402857024 
8.950000000000001 0.937690366887423 
9.05 0.9426895302955207 
9.15 0.9813069103763352 
9.25 1.0092004823279663 
9.35 1.0344780617945806 
9.450000000000001 1.0427502915681799 
9.55 1.033524713302136 
9.65 1.025289166777563 
9.75 1.0371540249759579 
9.850000000000001 1.0350612734202587 
9.950000000000001 1.0362654932488427 
10.05 1.0202028098894749 
