0.05 0.0 
0.15000000000000002 0.0 
0.25 0.0 
0.35000000000000003 0.0 
0.45 0.0 
0.55 0.0 
0.65 0.0 
0.75 0.0 
0.8500000000000001 0.0 
0.9500000000000001 0.0 
1.05 0.0 
1.1500000000000001 0.0 
1.25 0.0 
1.35 0.0 
1.4500000000000002 0.0 
1.55 0.0 
1.6500000000000001 0.0 
1.75 0.0 
1.85 0.0 
1.9500000000000002 0.0 
2.0500000000000003 0.0 
2.15 0.0 
2.25 0.0 
2.35 0.0 
2.45 0.0 
2.5500000000000003 0.0 
2.6500000000000004 0.0034141135590398147 
2.75 0.050725692508748546 
2.85 0.35274013279982736 
2.95 1.1778005294727796 
3.0500000000000003 1.954961669100073 
3.1500000000000004 2.433285868249638 
3.25 1.8046267367538753 
3.35 0.2563779246414101 
3.45 0.02115153775508749 
3.5500000000000003 0.06468666150290793 
3.6500000000000004 0.1214820529523492 
3.75 0.29411831687241413 
3.85 0.6146939874479023 
3.95 0.8621180106496822 
4.05 0.9253219043307744 
4.15 0.9989090362751152 
4.25 1.1595413922091589 
4.3500000000000005 1.2291229788321303 
4.45 1.2441271745146552 
4.55 1.2317383489730855 
4.65 1.2558472263027225 
4.75 1.1376394809209818 
4.8500000000000005 1.1192438601741235 
4.95 1.1380878579413811 
5.050000000000001 1.226032230903355 
5.15 1.3162988894701393 
5.25 1.3031707375507962 
5.3500000000000005 1.2729218446592327 
5.45 1.1915229501618037 
5.550000000000001 1.1742723698875634 
5.65 1.099649009258124 
5.75 1.1331688660803911 
5.8500000000000005 1.1259388712493734 
5.95 1.1486902559127348 
6.050000000000001 1.0340586994767103 
6.15 0.9084638147818168 
6.25 0.8734878004642276 
6.3500000000000005 0.827759269100147 
6.45 0.8584868008991211 
6.550000000000001 0.9112782625232212 
6.65 0.9960449207027648 
6.75 1.0149050130271198 
6.8500000000000005 1.089991830259083 
6.95 1.1223923652595311 
7.050000000000001 1.0615906887671924 
7.15 1.0065417603868292 
7.25 0.9196633352841722 
7.3500000000000005 0.9023546163797976 
7.45 0.8940619409033775 
7.550000000000001 0.834569787818925 
7.65 0.8573490194889096 
7.75 0.8589208854005022 
7.8500000000000005 0.8795905769644318 
7.95 0.9554835510635963 
8.05 0.9642692311478487 
8.15 0.9313657928315362 
8.25 0.9378126357707781 
8.35 1.0083401669649426 
8.450000000000001 1.0126563481797615 
8.55 0.9848431740396157 
8.65 1.0242145993404272 
8.75 1.0256795923042947 
8.85 1.0630956363043993 
8.950000000000001 1.107273703035648 
9.05 1.1050427911542622 
9.15 1.1055083751221035 
9.25 1.0991099446263488 
9.35 1.0802511356064546 
9.450000000000001 1.0349553731836454 
9.55 1.0097138219070418 
9.65 0.992886842140043 
9.75 0.995451973480895 
9.850000000000001 0.953964814578692 
9.950000000000001 0.9502657646044588 
10.05 0.9747752228009225 
