0.05 0.0 
0.15000000000000002 0.0 
0.25 0.0 
0.35000000000000003 0.0 
0.45 0.0 
0.55 0.0 
0.65 0.0 
0.75 0.0 
0.8500000000000001 0.0 
0.9500000000000001 0.0 
1.05 0.0 
1.1500000000000001 0.0 
1.25 0.0 
1.35 0.0 
1.4500000000000002 0.0 
1.55 0.0 
1.6500000000000001 0.0 
1.75 0.0 
1.85 0.0 
1.9500000000000002 0.0 
2.0500000000000003 0.0 
2.15 0.0 
2.25 0.0 
2.35 0.0 
2.45 0.0 
2.5500000000000003 0.0 
2.6500000000000004 0.0 
2.75 0.007431914111206804 
2.85 0.17101244325404671 
2.95 1.0444236389969672 
3.0500000000000003 2.730950171796621 
3.1500000000000004 4.892045962227232 
3.25 5.309458374654622 
3.35 0.7008070494888414 
3.45 0.010456322892110554 
3.5500000000000003 0.01911400587712425 
3.6500000000000004 0.03495674473222901 
3.75 0.08050942503925378 
3.85 0.15845132632307518 
3.95 0.2784170078742509 
4.05 0.39578907034483085 
4.15 0.5240406631369657 
4.25 0.6617086712527759 
4.3500000000000005 0.8075269625350079 
4.45 0.9934446375046094 
4.55 1.1664906031550484 
4.65 1.244793322306952 
4.75 1.2972096071651513 
4.8500000000000005 1.3958351513359397 
4.95 1.4630647349588273 
5.050000000000001 1.5037763626255336 
5.15 1.436257998049322 
5.25 1.411053401493057 
5.3500000000000005 1.4076123096576525 
5.45 1.3384545256880442 
5.550000000000001 1.2528582411718812 
5.65 1.1972062670487802 
5.75 1.128362002905721 
5.8500000000000005 1.0393176001841533 
5.95 0.9018163497985545 
6.050000000000001 0.7438048314321083 
6.15 0.6426411097858422 
6.25 0.6263528210786646 
6.3500000000000005 0.6566655930949505 
6.45 0.6676338019652427 
6.550000000000001 0.697751455710263 
6.65 0.7305810688345251 
6.75 0.7853180445352962 
6.8500000000000005 0.8353727817120067 
6.95 0.9124981910595097 
7.050000000000001 0.98760837341886 
7.15 1.0617231640881535 
7.25 1.1015351647419023 
7.3500000000000005 1.1468287751717632 
7.45 1.1591449771703624 
7.550000000000001 1.2132348190298128 
7.65 1.209646324633902 
7.75 1.1978163211345283 
7.8500000000000005 1.170360271096022 
7.95 1.1216005771892812 
8.05 1.08901357800839 
8.15 1.0466772833591607 
8.25 0.9810497616747583 
8.35 0.9280363867222755 
8.450000000000001 0.9026025414826763 
8.55 0.8925972016098179 
8.65 0.8690200327480179 
8.75 0.869092865570532 
8.85 0.8796542571103675 
8.950000000000001 0.9125857667340472 
9.05 0.935129212268905 
9.15 0.9556113457843713 
9.25 0.9928252298703549 
9.35 1.0343451444557927 
9.450000000000001 1.0343305049143863 
9.55 1.0506861541587875 
9.65 1.0589019226579712 
9.75 1.0711226993881837 
9.850000000000001 1.1024533432934187 
9.950000000000001 1.100236033178887 
10.05 1.1038509131779195 
